1.508715629577636719e+00 1.508715629577636719e+00 1.508715629577636719e+00
1.508714675903320312e+00 1.508714675903320312e+00 1.508714675903320312e+00
1.508715033531188965e+00 1.508715033531188965e+00 1.508715033531188965e+00
1.508718609809875488e+00 1.508718609809875488e+00 1.508718609809875488e+00
1.508722901344299316e+00 1.508722901344299316e+00 1.508722901344299316e+00
1.508701801300048828e+00 1.508701801300048828e+00 1.508701801300048828e+00
1.508725762367248535e+00 1.508725762367248535e+00 1.508725762367248535e+00
1.508722782135009766e+00 1.508722782135009766e+00 1.508722782135009766e+00
1.508713960647583008e+00 1.508713960647583008e+00 1.508713960647583008e+00
1.508726954460144043e+00 1.508726954460144043e+00 1.508726954460144043e+00
1.508724212646484375e+00 1.508724212646484375e+00 1.508724212646484375e+00
1.508715152740478516e+00 1.508715152740478516e+00 1.508715152740478516e+00
1.508725762367248535e+00 1.508725762367248535e+00 1.508725762367248535e+00
1.508705258369445801e+00 1.508705258369445801e+00 1.508705258369445801e+00
1.508699655532836914e+00 1.508699655532836914e+00 1.508699655532836914e+00
1.508738040924072266e+00 1.508738040924072266e+00 1.508738040924072266e+00
1.508723616600036621e+00 1.508723616600036621e+00 1.508723616600036621e+00
1.508707284927368164e+00 1.508707284927368164e+00 1.508707284927368164e+00
1.508718967437744141e+00 1.508718967437744141e+00 1.508718967437744141e+00
1.508713603019714355e+00 1.508713603019714355e+00 1.508713603019714355e+00
1.508698463439941406e+00 1.508698463439941406e+00 1.508698463439941406e+00
1.508815765380859375e+00 1.508815765380859375e+00 1.508815765380859375e+00
1.508722901344299316e+00 1.508722901344299316e+00 1.508722901344299316e+00
1.508728623390197754e+00 1.508728623390197754e+00 1.508728623390197754e+00
1.508730888366699219e+00 1.508730888366699219e+00 1.508730888366699219e+00
1.508698582649230957e+00 1.508698582649230957e+00 1.508698582649230957e+00
1.508714795112609863e+00 1.508714795112609863e+00 1.508714795112609863e+00
1.508718132972717285e+00 1.508718132972717285e+00 1.508718132972717285e+00
1.508715629577636719e+00 1.508715629577636719e+00 1.508715629577636719e+00
1.508712649345397949e+00 1.508712649345397949e+00 1.508712649345397949e+00
1.508733630180358887e+00 1.508733630180358887e+00 1.508733630180358887e+00
1.508552432060241699e+00 1.508552432060241699e+00 1.508552432060241699e+00
1.508712887763977051e+00 1.508712887763977051e+00 1.508712887763977051e+00
1.508724570274353027e+00 1.508724570274353027e+00 1.508724570274353027e+00
1.508700609207153320e+00 1.508700609207153320e+00 1.508700609207153320e+00
1.508795738220214844e+00 1.508795738220214844e+00 1.508795738220214844e+00
1.508714199066162109e+00 1.508714199066162109e+00 1.508714199066162109e+00
1.508709192276000977e+00 1.508709192276000977e+00 1.508709192276000977e+00
1.508719801902770996e+00 1.508719801902770996e+00 1.508719801902770996e+00
1.508724451065063477e+00 1.508724451065063477e+00 1.508724451065063477e+00
1.508686900138854980e+00 1.508686900138854980e+00 1.508686900138854980e+00
1.508718609809875488e+00 1.508718609809875488e+00 1.508718609809875488e+00
1.508717536926269531e+00 1.508717536926269531e+00 1.508717536926269531e+00
1.508716106414794922e+00 1.508716106414794922e+00 1.508716106414794922e+00
1.508720159530639648e+00 1.508720159530639648e+00 1.508720159530639648e+00
1.508723616600036621e+00 1.508723616600036621e+00 1.508723616600036621e+00
1.508734703063964844e+00 1.508734703063964844e+00 1.508734703063964844e+00
1.508858323097229004e+00 1.508858323097229004e+00 1.508858323097229004e+00
