-9.823745489120483398e-02 -2.189211845397949219e-01 -9.707846641540527344e-01
-1.025452017784118652e-01 -5.561988353729248047e-01 -8.246982693672180176e-01
-7.973319292068481445e-02 -7.977083921432495117e-01 -5.977490544319152832e-01
-4.732998833060264587e-02 3.614251017570495605e-01 -9.311991333961486816e-01
-1.639981120824813843e-01 6.026223301887512207e-01 -7.809935808181762695e-01
-2.763154506683349609e-01 7.644581198692321777e-01 -5.824548602104187012e-01
4.642722755670547485e-02 -2.599558532238006592e-01 -9.645037651062011719e-01
1.578416675329208374e-01 -5.484920144081115723e-01 -8.211227655410766602e-01
2.416584640741348267e-01 -7.658672928810119629e-01 -5.958594679832458496e-01
-1.679930239915847778e-01 3.065503835678100586e-01 -9.369125366210937500e-01
-4.031284153461456299e-01 4.703673720359802246e-01 -7.850108146667480469e-01
-5.879841446876525879e-01 5.652105212211608887e-01 -5.786292552947998047e-01
1.929063349962234497e-01 -1.984853744506835938e-01 -9.609322547912597656e-01
3.780664801597595215e-01 -4.442319273948669434e-01 -8.122337460517883301e-01
4.426474273204803467e-01 -6.581609845161437988e-01 -6.090051531791687012e-01
-2.538073658943176270e-01 2.029682248830795288e-01 -9.457196593284606934e-01
-5.376338362693786621e-01 2.998427152633666992e-01 -7.880635857582092285e-01
-7.474775910377502441e-01 3.480096757411956787e-01 -5.658326148986816406e-01
2.932940125465393066e-01 -1.116215959191322327e-01 -9.494836926460266113e-01
5.419212579727172852e-01 -2.613381445407867432e-01 -7.987638711929321289e-01
6.553993225097656250e-01 -4.550439715385437012e-01 -6.028156280517578125e-01
-2.943352460861206055e-01 1.126157939434051514e-01 -9.490439891815185547e-01
-6.057365536689758301e-01 9.352150559425354004e-02 -7.901499867439270020e-01
-8.188222646713256836e-01 8.021752536296844482e-02 -5.684147477149963379e-01
3.479053378105163574e-01 -2.192808128893375397e-02 -9.372732043266296387e-01
6.099564433097839355e-01 -4.658621549606323242e-02 -7.910643219947814941e-01
8.051514625549316406e-01 -7.793591916561126709e-02 -5.879261493682861328e-01
-3.109135031700134277e-01 1.073594950139522552e-02 -9.503775835037231445e-01
-5.975842475891113281e-01 -1.222974434494972229e-01 -7.924243211746215820e-01
-7.839226126670837402e-01 -2.053273171186447144e-01 -5.859231352806091309e-01
9.102294594049453735e-02 3.616792261600494385e-01 -9.278485178947448730e-01
3.595466017723083496e-01 7.971419394016265869e-02 -9.297161102294921875e-01
5.922736525535583496e-01 1.507766097784042358e-01 -7.915037870407104492e-01
7.942003011703491211e-01 1.998874098062515259e-01 -5.738388895988464355e-01
-2.789590060710906982e-01 -8.381745219230651855e-02 -9.566380977630615234e-01
1.140551865100860596e-01 6.296082735061645508e-01 -7.684951424598693848e-01
-5.091184973716735840e-01 -3.164476454257965088e-01 -8.004118800163269043e-01
-6.666234731674194336e-01 -4.731489717960357666e-01 -5.759714841842651367e-01
3.102175295352935791e-01 1.902896463871002197e-01 -9.314262866973876953e-01
5.015877485275268555e-01 3.350448608398437500e-01 -7.975929975509643555e-01
6.848757266998291016e-01 4.360204041004180908e-01 -5.838077068328857422e-01
1.343301534652709961e-01 8.149515986442565918e-01 -5.637458562850952148e-01
-2.255911380052566528e-01 -1.846139729022979736e-01 -9.565701484680175781e-01
-3.446375727653503418e-01 -4.764821827411651611e-01 -8.088198900222778320e-01
-3.716890513896942139e-01 -7.330204844474792480e-01 -5.696738362312316895e-01
2.281861901283264160e-01 2.703836560249328613e-01 -9.353200793266296387e-01
3.720103800296783447e-01 4.777289330959320068e-01 -7.958537936210632324e-01
5.512901544570922852e-01 5.957872271537780762e-01 -5.840519666671752930e-01
