2.498340047895908356e-02 3.432439267635345459e-01 -9.389140009880065918e-01
-1.491086184978485107e-01 4.203515946865081787e-01 -8.950257301330566406e-01
5.799757838249206543e-01 -3.249421119689941406e-01 -7.470212578773498535e-01
3.680894672870635986e-01 -1.300326883792877197e-01 -9.206528067588806152e-01
4.625368118286132812e-01 -1.661775410175323486e-01 -8.708872795104980469e-01
5.426406860351562500e-01 -2.023025006055831909e-01 -8.152391314506530762e-01
6.180031299591064453e-01 -2.393505275249481201e-01 -7.488548159599304199e-01
3.870208561420440674e-01 -7.807112485170364380e-02 -9.187599420547485352e-01
4.775187969207763672e-01 -9.777149558067321777e-02 -8.731646537780761719e-01
5.594082474708557129e-01 -1.223808601498603821e-01 -8.198081254959106445e-01
6.467325687408447266e-01 -1.457496285438537598e-01 -7.486614584922790527e-01
3.923031687736511230e-01 -2.186730504035949707e-02 -9.195759892463684082e-01
-1.812542229890823364e-01 5.033586025238037109e-01 -8.448532819747924805e-01
4.814080595970153809e-01 -2.736611291766166687e-02 -8.760693073272705078e-01
5.681185722351074219e-01 -3.647769987583160400e-02 -8.221378326416015625e-01
6.551576852798461914e-01 -4.625535383820533752e-02 -7.540748119354248047e-01
3.892300426959991455e-01 3.249623998999595642e-02 -9.205672144889831543e-01
4.780941009521484375e-01 4.554445296525955200e-02 -8.771269917488098145e-01
5.680795907974243164e-01 5.560322478413581848e-02 -8.210930824279785156e-01
6.564871072769165039e-01 6.053174659609794617e-02 -7.519047260284423828e-01
3.736838400363922119e-01 9.079203754663467407e-02 -9.231019020080566406e-01
4.609408974647521973e-01 1.212028712034225464e-01 -8.791150450706481934e-01
5.477317571640014648e-01 1.511796414852142334e-01 -8.228819370269775391e-01
-2.137056440114974976e-01 5.893879532814025879e-01 -7.790710926055908203e-01
6.283614039421081543e-01 1.698797643184661865e-01 -7.591460943222045898e-01
3.480985164642333984e-01 1.491621583700180054e-01 -9.255150556564331055e-01
4.316450357437133789e-01 1.964050531387329102e-01 -8.804019093513488770e-01
5.140773653984069824e-01 2.456206083297729492e-01 -8.218241333961486816e-01
5.838894248008728027e-01 2.761061489582061768e-01 -7.634386420249938965e-01
3.134085834026336670e-01 1.997631490230560303e-01 -9.283694028854370117e-01
3.883233964443206787e-01 2.632017135620117188e-01 -8.831363320350646973e-01
4.644845724105834961e-01 3.284497261047363281e-01 -8.224201202392578125e-01
5.232222080230712891e-01 3.725720942020416260e-01 -7.664389014244079590e-01
2.745811939239501953e-01 2.539848983287811279e-01 -9.274140596389770508e-01
-1.836552321910858154e-01 2.992058098316192627e-01 -9.363474845886230469e-01
3.412592709064483643e-01 3.272270560264587402e-01 -8.811722397804260254e-01
4.009172022342681885e-01 3.878839313983917236e-01 -8.299466371536254883e-01
4.568601846694946289e-01 4.489033818244934082e-01 -7.679613232612609863e-01
2.202930152416229248e-01 2.900414466857910156e-01 -9.313145875930786133e-01
2.807673215866088867e-01 3.705961704254150391e-01 -8.853407502174377441e-01
3.375110924243927002e-01 4.563569128513336182e-01 -8.233010172843933105e-01
3.853880763053894043e-01 5.113895535469055176e-01 -7.680863738059997559e-01
1.634001582860946655e-01 3.237007856369018555e-01 -9.319432377815246582e-01
2.089453339576721191e-01 3.983390927314758301e-01 -8.931225538253784180e-01
2.515544295310974121e-01 4.888154566287994385e-01 -8.353322148323059082e-01
-2.283111512660980225e-01 3.837524652481079102e-01 -8.947670459747314453e-01
2.909386157989501953e-01 5.678890943527221680e-01 -7.699718475341796875e-01
9.846211224794387817e-02 3.370619118213653564e-01 -9.363197088241577148e-01
1.300098150968551636e-01 4.326208531856536865e-01 -8.921528458595275879e-01
1.561041027307510376e-01 5.149610042572021484e-01 -8.428800106048583984e-01
1.776802241802215576e-01 6.096565127372741699e-01 -7.724950313568115234e-01
-2.747781574726104736e-01 4.649747014045715332e-01 -8.416028618812561035e-01
-3.170751333236694336e-01 5.375482439994812012e-01 -7.813483476638793945e-01
-2.394894659519195557e-01 2.631280422210693359e-01 -9.345632195472717285e-01
-2.945959568023681641e-01 3.382306396961212158e-01 -8.937635421752929688e-01
-3.512302935123443604e-01 4.074397385120391846e-01 -8.429888486862182617e-01
3.393755853176116943e-02 4.457232356071472168e-01 -8.945273160934448242e-01
-4.010111689567565918e-01 4.757401943206787109e-01 -7.828546166419982910e-01
-2.802707850933074951e-01 2.144979536533355713e-01 -9.356489181518554688e-01
-3.469225764274597168e-01 2.768603265285491943e-01 -8.960987925529479980e-01
-4.154428243637084961e-01 3.399510979652404785e-01 -8.437064290046691895e-01
-4.789713025093078613e-01 3.967397511005401611e-01 -7.830607295036315918e-01
-3.130234777927398682e-01 1.599800288677215576e-01 -9.361745119094848633e-01
-3.940126299858093262e-01 2.124291509389877319e-01 -8.942191600799560547e-01
-4.733853340148925781e-01 2.661204934120178223e-01 -8.396941423416137695e-01
-5.410312414169311523e-01 3.042706847190856934e-01 -7.840309143066406250e-01
-3.373996317386627197e-01 1.035845428705215454e-01 -9.356450438499450684e-01
4.151313379406929016e-02 5.401163697242736816e-01 -8.405658006668090820e-01
-4.323080480098724365e-01 1.441149413585662842e-01 -8.901351690292358398e-01
-5.105609297752380371e-01 1.763820797204971313e-01 -8.415562510490417480e-01
-5.905196666717529297e-01 2.033808678388595581e-01 -7.809755206108093262e-01
-3.591814339160919189e-01 4.515152052044868469e-02 -9.321749210357666016e-01
-4.481042921543121338e-01 6.691361963748931885e-02 -8.914735913276672363e-01
-5.408647060394287109e-01 8.768729120492935181e-02 -8.365263342857360840e-01
-6.161591410636901855e-01 9.964067488908767700e-02 -7.812936305999755859e-01
-3.566346466541290283e-01 -1.357338577508926392e-02 -9.341453313827514648e-01
-4.619185030460357666e-01 -8.513496257364749908e-03 -8.868815302848815918e-01
-5.478283762931823730e-01 -4.051821772009134293e-03 -8.365809321403503418e-01
4.768007993698120117e-02 6.324431300163269043e-01 -7.731379866600036621e-01
-6.311447620391845703e-01 -2.919402671977877617e-03 -7.756595015525817871e-01
-3.592329919338226318e-01 -7.157503813505172729e-02 -9.304990768432617188e-01
-4.494586586952209473e-01 -7.909595221281051636e-02 -8.897924423217773438e-01
-5.398201346397399902e-01 -8.951042592525482178e-02 -8.370078206062316895e-01
-6.226910948753356934e-01 -9.874292463064193726e-02 -7.762123346328735352e-01
-3.485747873783111572e-01 -1.261613219976425171e-01 -9.287511706352233887e-01
-4.343869686126708984e-01 -1.464731842279434204e-01 -8.887370228767395020e-01
-5.199527144432067871e-01 -1.687058508396148682e-01 -8.373693823814392090e-01
-6.020696163177490234e-01 -1.893134862184524536e-01 -7.756755352020263672e-01
-3.324167132377624512e-01 -1.725247353315353394e-01 -9.272186756134033203e-01
-4.895191267132759094e-02 3.444031476974487305e-01 -9.375447630882263184e-01
-4.086020886898040771e-01 -2.008373290300369263e-01 -8.903419971466064453e-01
-4.943352937698364258e-01 -2.436737865209579468e-01 -8.344193100929260254e-01
-5.666142106056213379e-01 -2.722521722316741943e-01 -7.777063846588134766e-01
-3.046957254409790039e-01 -2.098340690135955811e-01 -9.290480017662048340e-01
-3.811017870903015137e-01 -2.593577802181243896e-01 -8.874091506004333496e-01
-4.562503099441528320e-01 -3.086273968219757080e-01 -8.346165418624877930e-01
-5.222650170326232910e-01 -3.478487133979797363e-01 -7.786144614219665527e-01
-2.723578214645385742e-01 -2.511042356491088867e-01 -9.288529753684997559e-01
-3.415528833866119385e-01 -3.057829141616821289e-01 -8.887286186218261719e-01
-4.070580601692199707e-01 -3.659064471721649170e-01 -8.369086980819702148e-01
-6.087522581219673157e-02 4.471370577812194824e-01 -8.923915028572082520e-01
-4.724697172641754150e-01 -4.206168651580810547e-01 -7.745022773742675781e-01
-2.271207273006439209e-01 -2.833145558834075928e-01 -9.317451715469360352e-01
-2.911690473556518555e-01 -3.564839363098144531e-01 -8.877723813056945801e-01
-3.459038734436035156e-01 -4.196779131889343262e-01 -8.391787409782409668e-01
-4.048663377761840820e-01 -4.904852807521820068e-01 -7.716913223266601562e-01
-1.729244589805603027e-01 -3.101377785205841064e-01 -9.348323941230773926e-01
-2.232446670532226562e-01 -3.922335207462310791e-01 -8.923646807670593262e-01
-2.705874443054199219e-01 -4.706839323043823242e-01 -8.397850990295410156e-01
-3.153654634952545166e-01 -5.500199794769287109e-01 -7.733191847801208496e-01
-1.100013554096221924e-01 -3.368138372898101807e-01 -9.351236224174499512e-01
-7.385665178298950195e-02 5.418460369110107422e-01 -8.372264504432678223e-01
-1.455025970935821533e-01 -4.155200719833374023e-01 -8.978707790374755859e-01
-1.803342700004577637e-01 -5.139439105987548828e-01 -8.386543989181518555e-01
-2.108450233936309814e-01 -5.971581935882568359e-01 -7.739163041114807129e-01
-3.423297405242919922e-02 -3.440437316894531250e-01 -9.383293390274047852e-01
-5.362540856003761292e-02 -4.492819309234619141e-01 -8.917791843414306641e-01
-6.651615351438522339e-02 -5.330699086189270020e-01 -8.434525132179260254e-01
-7.815799117088317871e-02 -6.271976828575134277e-01 -7.749286293983459473e-01
4.489326849579811096e-02 -3.444587290287017822e-01 -9.377274513244628906e-01
5.357752367854118347e-02 -4.376310706138610840e-01 -8.975570201873779297e-01
6.256673485040664673e-02 -5.361875891685485840e-01 -8.417768478393554688e-01
-8.621643483638763428e-02 6.194273829460144043e-01 -7.803053855895996094e-01
7.470209896564483643e-02 -6.393415331840515137e-01 -7.652854919433593750e-01
1.238090172410011292e-01 -3.314172625541687012e-01 -9.353256225585937500e-01
1.565194278955459595e-01 -4.219849109649658203e-01 -8.929895758628845215e-01
1.886897832155227661e-01 -5.113226175308227539e-01 -8.384183049201965332e-01
2.235363572835922241e-01 -6.037073731422424316e-01 -7.652247548103332520e-01
1.958790868520736694e-01 -3.001051843166351318e-01 -9.335781931877136230e-01
2.456400096416473389e-01 -3.876154720783233643e-01 -8.884903788566589355e-01
2.991361320018768311e-01 -4.734855890274047852e-01 -8.284496665000915527e-01
3.459154069423675537e-01 -5.525014400482177734e-01 -7.583433985710144043e-01
2.589968740940093994e-01 -2.682808935642242432e-01 -9.278717637062072754e-01
-1.194931715726852417e-01 3.300625085830688477e-01 -9.363654255867004395e-01
3.263552486896514893e-01 -3.506285250186920166e-01 -8.778108358383178711e-01
3.895311653614044189e-01 -4.198677837848663330e-01 -8.197417855262756348e-01
4.502210021018981934e-01 -4.831151962280273438e-01 -7.509332299232482910e-01
3.076659440994262695e-01 -2.300601452589035034e-01 -9.232626557350158691e-01
3.869400918483734131e-01 -2.927316129207611084e-01 -8.744058609008789062e-01
4.621528387069702148e-01 -3.518649637699127197e-01 -8.140060305595397949e-01
5.237172245979309082e-01 -4.007013440132141113e-01 -7.517703771591186523e-01
3.421571552753448486e-01 -1.807174533605575562e-01 -9.221007227897644043e-01
4.304066896438598633e-01 -2.265902757644653320e-01 -8.737315535545349121e-01
5.086127519607543945e-01 -2.771394252777099609e-01 -8.151727914810180664e-01
