1.741827964782714844e+00 1.741827964782714844e+00 1.741827964782714844e+00
1.741796731948852539e+00 1.741796731948852539e+00 1.741796731948852539e+00
1.741907358169555664e+00 1.741907358169555664e+00 1.741907358169555664e+00
1.742003202438354492e+00 1.742003202438354492e+00 1.742003202438354492e+00
1.741839170455932617e+00 1.741839170455932617e+00 1.741839170455932617e+00
1.741842746734619141e+00 1.741842746734619141e+00 1.741842746734619141e+00
1.741849064826965332e+00 1.741849064826965332e+00 1.741849064826965332e+00
1.741787791252136230e+00 1.741787791252136230e+00 1.741787791252136230e+00
1.741859674453735352e+00 1.741859674453735352e+00 1.741859674453735352e+00
1.741789221763610840e+00 1.741789221763610840e+00 1.741789221763610840e+00
1.741836190223693848e+00 1.741836190223693848e+00 1.741836190223693848e+00
1.741825938224792480e+00 1.741825938224792480e+00 1.741825938224792480e+00
1.741882085800170898e+00 1.741882085800170898e+00 1.741882085800170898e+00
1.741874694824218750e+00 1.741874694824218750e+00 1.741874694824218750e+00
1.741810083389282227e+00 1.741810083389282227e+00 1.741810083389282227e+00
1.741847157478332520e+00 1.741847157478332520e+00 1.741847157478332520e+00
1.741842269897460938e+00 1.741842269897460938e+00 1.741842269897460938e+00
1.741877794265747070e+00 1.741877794265747070e+00 1.741877794265747070e+00
1.741832256317138672e+00 1.741832256317138672e+00 1.741832256317138672e+00
1.741906523704528809e+00 1.741906523704528809e+00 1.741906523704528809e+00
1.741887927055358887e+00 1.741887927055358887e+00 1.741887927055358887e+00
1.741847753524780273e+00 1.741847753524780273e+00 1.741847753524780273e+00
1.741899728775024414e+00 1.741899728775024414e+00 1.741899728775024414e+00
1.741825461387634277e+00 1.741825461387634277e+00 1.741825461387634277e+00
1.741894841194152832e+00 1.741894841194152832e+00 1.741894841194152832e+00
1.741865277290344238e+00 1.741865277290344238e+00 1.741865277290344238e+00
1.741892337799072266e+00 1.741892337799072266e+00 1.741892337799072266e+00
1.741859793663024902e+00 1.741859793663024902e+00 1.741859793663024902e+00
1.741845011711120605e+00 1.741845011711120605e+00 1.741845011711120605e+00
1.741848707199096680e+00 1.741848707199096680e+00 1.741848707199096680e+00
1.741846799850463867e+00 1.741846799850463867e+00 1.741846799850463867e+00
1.741804003715515137e+00 1.741804003715515137e+00 1.741804003715515137e+00
1.741771340370178223e+00 1.741771340370178223e+00 1.741771340370178223e+00
1.741879343986511230e+00 1.741879343986511230e+00 1.741879343986511230e+00
1.741890668869018555e+00 1.741890668869018555e+00 1.741890668869018555e+00
1.741843938827514648e+00 1.741843938827514648e+00 1.741843938827514648e+00
1.741873145103454590e+00 1.741873145103454590e+00 1.741873145103454590e+00
1.741867899894714355e+00 1.741867899894714355e+00 1.741867899894714355e+00
1.741808414459228516e+00 1.741808414459228516e+00 1.741808414459228516e+00
1.741758346557617188e+00 1.741758346557617188e+00 1.741758346557617188e+00
1.741741180419921875e+00 1.741741180419921875e+00 1.741741180419921875e+00
1.741831779479980469e+00 1.741831779479980469e+00 1.741831779479980469e+00
1.741830945014953613e+00 1.741830945014953613e+00 1.741830945014953613e+00
1.741854310035705566e+00 1.741854310035705566e+00 1.741854310035705566e+00
1.741849303245544434e+00 1.741849303245544434e+00 1.741849303245544434e+00
1.741837024688720703e+00 1.741837024688720703e+00 1.741837024688720703e+00
1.741885185241699219e+00 1.741885185241699219e+00 1.741885185241699219e+00
1.741843581199645996e+00 1.741843581199645996e+00 1.741843581199645996e+00
1.741863131523132324e+00 1.741863131523132324e+00 1.741863131523132324e+00
1.741892457008361816e+00 1.741892457008361816e+00 1.741892457008361816e+00
1.741867423057556152e+00 1.741867423057556152e+00 1.741867423057556152e+00
1.741883158683776855e+00 1.741883158683776855e+00 1.741883158683776855e+00
1.741905331611633301e+00 1.741905331611633301e+00 1.741905331611633301e+00
1.741875648498535156e+00 1.741875648498535156e+00 1.741875648498535156e+00
1.741832375526428223e+00 1.741832375526428223e+00 1.741832375526428223e+00
1.741782069206237793e+00 1.741782069206237793e+00 1.741782069206237793e+00
1.741847872734069824e+00 1.741847872734069824e+00 1.741847872734069824e+00
1.741871237754821777e+00 1.741871237754821777e+00 1.741871237754821777e+00
1.741877913475036621e+00 1.741877913475036621e+00 1.741877913475036621e+00
1.741815924644470215e+00 1.741815924644470215e+00 1.741815924644470215e+00
1.741881132125854492e+00 1.741881132125854492e+00 1.741881132125854492e+00
1.741872906684875488e+00 1.741872906684875488e+00 1.741872906684875488e+00
1.741911530494689941e+00 1.741911530494689941e+00 1.741911530494689941e+00
1.741788387298583984e+00 1.741788387298583984e+00 1.741788387298583984e+00
1.741819620132446289e+00 1.741819620132446289e+00 1.741819620132446289e+00
1.741745233535766602e+00 1.741745233535766602e+00 1.741745233535766602e+00
1.741856694221496582e+00 1.741856694221496582e+00 1.741856694221496582e+00
1.741825222969055176e+00 1.741825222969055176e+00 1.741825222969055176e+00
1.741823554039001465e+00 1.741823554039001465e+00 1.741823554039001465e+00
1.741912603378295898e+00 1.741912603378295898e+00 1.741912603378295898e+00
1.741859912872314453e+00 1.741859912872314453e+00 1.741859912872314453e+00
1.741842031478881836e+00 1.741842031478881836e+00 1.741842031478881836e+00
1.741686940193176270e+00 1.741686940193176270e+00 1.741686940193176270e+00
1.741825461387634277e+00 1.741825461387634277e+00 1.741825461387634277e+00
1.741871595382690430e+00 1.741871595382690430e+00 1.741871595382690430e+00
1.741887569427490234e+00 1.741887569427490234e+00 1.741887569427490234e+00
1.741852164268493652e+00 1.741852164268493652e+00 1.741852164268493652e+00
1.741889595985412598e+00 1.741889595985412598e+00 1.741889595985412598e+00
1.741866350173950195e+00 1.741866350173950195e+00 1.741866350173950195e+00
1.741810917854309082e+00 1.741810917854309082e+00 1.741810917854309082e+00
1.741874575614929199e+00 1.741874575614929199e+00 1.741874575614929199e+00
1.741849184036254883e+00 1.741849184036254883e+00 1.741849184036254883e+00
1.741829872131347656e+00 1.741829872131347656e+00 1.741829872131347656e+00
1.741830945014953613e+00 1.741830945014953613e+00 1.741830945014953613e+00
1.741828680038452148e+00 1.741828680038452148e+00 1.741828680038452148e+00
1.741891503334045410e+00 1.741891503334045410e+00 1.741891503334045410e+00
1.741867065429687500e+00 1.741867065429687500e+00 1.741867065429687500e+00
1.741851925849914551e+00 1.741851925849914551e+00 1.741851925849914551e+00
1.741760849952697754e+00 1.741760849952697754e+00 1.741760849952697754e+00
1.741844534873962402e+00 1.741844534873962402e+00 1.741844534873962402e+00
1.741769313812255859e+00 1.741769313812255859e+00 1.741769313812255859e+00
1.741844415664672852e+00 1.741844415664672852e+00 1.741844415664672852e+00
1.741856932640075684e+00 1.741856932640075684e+00 1.741856932640075684e+00
1.741842627525329590e+00 1.741842627525329590e+00 1.741842627525329590e+00
1.741958141326904297e+00 1.741958141326904297e+00 1.741958141326904297e+00
1.741799235343933105e+00 1.741799235343933105e+00 1.741799235343933105e+00
1.741819858551025391e+00 1.741819858551025391e+00 1.741819858551025391e+00
1.741840362548828125e+00 1.741840362548828125e+00 1.741840362548828125e+00
1.741883158683776855e+00 1.741883158683776855e+00 1.741883158683776855e+00
1.741729617118835449e+00 1.741729617118835449e+00 1.741729617118835449e+00
1.741838932037353516e+00 1.741838932037353516e+00 1.741838932037353516e+00
1.741822361946105957e+00 1.741822361946105957e+00 1.741822361946105957e+00
1.741733074188232422e+00 1.741733074188232422e+00 1.741733074188232422e+00
1.741840004920959473e+00 1.741840004920959473e+00 1.741840004920959473e+00
1.741914510726928711e+00 1.741914510726928711e+00 1.741914510726928711e+00
1.741861462593078613e+00 1.741861462593078613e+00 1.741861462593078613e+00
1.741910576820373535e+00 1.741910576820373535e+00 1.741910576820373535e+00
1.741826772689819336e+00 1.741826772689819336e+00 1.741826772689819336e+00
1.741838455200195312e+00 1.741838455200195312e+00 1.741838455200195312e+00
1.741882324218750000e+00 1.741882324218750000e+00 1.741882324218750000e+00
1.741887211799621582e+00 1.741887211799621582e+00 1.741887211799621582e+00
1.741834282875061035e+00 1.741834282875061035e+00 1.741834282875061035e+00
1.741838455200195312e+00 1.741838455200195312e+00 1.741838455200195312e+00
1.741897702217102051e+00 1.741897702217102051e+00 1.741897702217102051e+00
1.741857886314392090e+00 1.741857886314392090e+00 1.741857886314392090e+00
1.741827964782714844e+00 1.741827964782714844e+00 1.741827964782714844e+00
1.741872549057006836e+00 1.741872549057006836e+00 1.741872549057006836e+00
1.741874933242797852e+00 1.741874933242797852e+00 1.741874933242797852e+00
1.741791248321533203e+00 1.741791248321533203e+00 1.741791248321533203e+00
1.741804003715515137e+00 1.741804003715515137e+00 1.741804003715515137e+00
1.741811752319335938e+00 1.741811752319335938e+00 1.741811752319335938e+00
1.741840720176696777e+00 1.741840720176696777e+00 1.741840720176696777e+00
1.741851091384887695e+00 1.741851091384887695e+00 1.741851091384887695e+00
1.741930246353149414e+00 1.741930246353149414e+00 1.741930246353149414e+00
1.741823911666870117e+00 1.741823911666870117e+00 1.741823911666870117e+00
1.741807341575622559e+00 1.741807341575622559e+00 1.741807341575622559e+00
1.741820812225341797e+00 1.741820812225341797e+00 1.741820812225341797e+00
1.741857290267944336e+00 1.741857290267944336e+00 1.741857290267944336e+00
1.741862535476684570e+00 1.741862535476684570e+00 1.741862535476684570e+00
1.741918444633483887e+00 1.741918444633483887e+00 1.741918444633483887e+00
1.741906523704528809e+00 1.741906523704528809e+00 1.741906523704528809e+00
1.741912126541137695e+00 1.741912126541137695e+00 1.741912126541137695e+00
1.741881132125854492e+00 1.741881132125854492e+00 1.741881132125854492e+00
1.741829991340637207e+00 1.741829991340637207e+00 1.741829991340637207e+00
1.741867184638977051e+00 1.741867184638977051e+00 1.741867184638977051e+00
1.741819620132446289e+00 1.741819620132446289e+00 1.741819620132446289e+00
1.741910934448242188e+00 1.741910934448242188e+00 1.741910934448242188e+00
1.741885304450988770e+00 1.741885304450988770e+00 1.741885304450988770e+00
1.741884469985961914e+00 1.741884469985961914e+00 1.741884469985961914e+00
1.741864681243896484e+00 1.741864681243896484e+00 1.741864681243896484e+00
1.741884827613830566e+00 1.741884827613830566e+00 1.741884827613830566e+00
1.741848945617675781e+00 1.741848945617675781e+00 1.741848945617675781e+00
1.741875648498535156e+00 1.741875648498535156e+00 1.741875648498535156e+00
1.741927742958068848e+00 1.741927742958068848e+00 1.741927742958068848e+00
