3.942174836993217468e-02 7.875954359769821167e-02 -9.961138963699340820e-01
-2.135166078805923462e-01 2.700909674167633057e-01 -9.388617873191833496e-01
-5.076447129249572754e-01 -5.103967189788818359e-01 -6.941124200820922852e-01
1.296440660953521729e-01 6.287240982055664062e-02 -9.895653128623962402e-01
3.328438699245452881e-01 1.265198588371276855e-01 -9.344558119773864746e-01
5.501518249511718750e-01 2.484073936939239502e-01 -7.972619533538818359e-01
5.094807744026184082e-01 4.138247668743133545e-01 -7.544391155242919922e-01
-4.140475764870643616e-02 -1.213027760386466980e-01 -9.917516708374023438e-01
-1.857394576072692871e-01 -2.377354651689529419e-01 -9.534058570861816406e-01
-4.092606008052825928e-01 -3.728091716766357422e-01 -8.327779769897460938e-01
-4.490168094635009766e-01 -6.196082234382629395e-01 -6.437931656837463379e-01
1.072195321321487427e-01 7.924572378396987915e-02 -9.910722374916076660e-01
-2.955969870090484619e-01 4.547272026538848877e-01 -8.401461243629455566e-01
3.147386610507965088e-01 1.539592444896697998e-01 -9.366089105606079102e-01
5.285489559173583984e-01 2.948815226554870605e-01 -7.960407733917236328e-01
4.489928781986236572e-01 4.764420986175537109e-01 -7.559154629707336426e-01
-2.403598837554454803e-02 -1.400491297245025635e-01 -9.898527860641479492e-01
-1.353799104690551758e-01 -2.797246873378753662e-01 -9.504874944686889648e-01
-3.269301652908325195e-01 -4.593020379543304443e-01 -8.259288072586059570e-01
-3.474304676055908203e-01 -7.019627094268798828e-01 -6.217237710952758789e-01
7.938837260007858276e-02 9.158372879028320312e-02 -9.926278591156005859e-01
1.496357917785644531e-01 2.099073827266693115e-01 -9.662029147148132324e-01
4.935621917247772217e-01 3.311576545238494873e-01 -8.041958808898925781e-01
-1.163572594523429871e-01 6.371950507164001465e-01 -7.618683576583862305e-01
3.807708621025085449e-01 5.316169857978820801e-01 -7.565691471099853516e-01
-2.049269620329141617e-03 -1.437674015760421753e-01 -9.896094202995300293e-01
-7.353381067514419556e-02 -3.108108341693878174e-01 -9.476230144500732422e-01
-2.023256570100784302e-01 -5.374785065650939941e-01 -8.186458945274353027e-01
-2.432192116975784302e-01 -7.460899353027343750e-01 -6.198340058326721191e-01
4.479841515421867371e-02 1.046418994665145874e-01 -9.935004115104675293e-01
5.253618583083152771e-03 2.349581122398376465e-01 -9.719913005828857422e-01
4.445306658744812012e-01 3.643708825111389160e-01 -8.183069825172424316e-01
3.089500367641448975e-01 5.862098932266235352e-01 -7.489377856254577637e-01
2.279799990355968475e-02 -1.520734131336212158e-01 -9.881063103675842285e-01
9.144449979066848755e-02 -1.500850915908813477e-01 -9.844350218772888184e-01
-9.605596773326396942e-03 -3.361666500568389893e-01 -9.417534470558166504e-01
-3.896143659949302673e-02 -5.946415662765502930e-01 -8.030462861061096191e-01
-1.367575228214263916e-01 -7.718305587768554688e-01 -6.209468245506286621e-01
1.403020694851875305e-02 1.090107262134552002e-01 -9.939415454864501953e-01
-7.592877000570297241e-02 2.627711296081542969e-01 -9.618659615516662598e-01
-2.337064296007156372e-01 5.317665338516235352e-01 -8.140059113502502441e-01
2.133810520172119141e-01 6.453030109405517578e-01 -7.335206866264343262e-01
4.929167777299880981e-02 -1.574126482009887695e-01 -9.863020181655883789e-01
6.297390162944793701e-02 -3.475156128406524658e-01 -9.355571269989013672e-01
9.564108401536941528e-02 -6.203912496566772461e-01 -7.784391641616821289e-01
1.768334358930587769e-01 -3.322837650775909424e-01 -9.264542460441589355e-01
-2.795104868710041046e-02 -7.812933921813964844e-01 -6.235378384590148926e-01
-9.963035583496093750e-03 1.106018498539924622e-01 -9.938148260116577148e-01
-1.269592046737670898e-01 2.760064005851745605e-01 -9.527338147163391113e-01
-2.387585937976837158e-01 5.205395817756652832e-01 -8.197760581970214844e-01
6.721757352352142334e-02 6.844044923782348633e-01 -7.259973883628845215e-01
2.547284364700317383e-01 -5.761889815330505371e-01 -7.766078710556030273e-01
1.575478911399841309e-01 -7.789784669876098633e-01 -6.069360375404357910e-01
6.053569167852401733e-02 5.479570478200912476e-02 -9.966608285903930664e-01
-2.345077246427536011e-01 2.480229735374450684e-01 -9.399419426918029785e-01
-3.304369151592254639e-01 4.080009162425994873e-01 -8.510856032371520996e-01
-1.906066089868545532e-01 2.840339541435241699e-01 -9.396774768829345703e-01
-1.805145889520645142e-01 5.752487778663635254e-01 -7.978116273880004883e-01
1.066659837961196899e-01 -1.334241628646850586e-01 -9.853021502494812012e-01
2.224654257297515869e-01 -3.070575594902038574e-01 -9.253241419792175293e-01
3.393953144550323486e-01 -5.325900316238403320e-01 -7.753441929817199707e-01
2.663339078426361084e-01 -7.579596638679504395e-01 -5.954523682594299316e-01
-2.232917845249176025e-01 9.384248405694961548e-02 -9.702239036560058594e-01
-2.636485397815704346e-01 2.247201651334762573e-01 -9.380779862403869629e-01
-3.634556233882904053e-01 3.612444698810577393e-01 -8.587213754653930664e-01
-2.542572021484375000e-01 5.041039586067199707e-01 -8.253681063652038574e-01
1.302970647811889648e-01 -1.212276294827461243e-01 -9.840357899665832520e-01
-2.688597738742828369e-01 4.944818913936614990e-01 -8.265603184700012207e-01
2.635101675987243652e-01 -2.732092142105102539e-01 -9.251589775085449219e-01
4.057247638702392578e-01 -4.653719365596771240e-01 -7.866488099098205566e-01
3.752595186233520508e-01 -7.044666409492492676e-01 -6.024177670478820801e-01
4.419909790158271790e-02 3.133246302604675293e-02 -9.985312223434448242e-01
-2.836836576461791992e-01 1.935136020183563232e-01 -9.391889572143554688e-01
-3.959879279136657715e-01 3.105294108390808105e-01 -8.641556501388549805e-01
-3.174677789211273193e-01 4.128656089305877686e-01 -8.536722064018249512e-01
1.448683887720108032e-01 -1.015804186463356018e-01 -9.842227697372436523e-01
2.912987172603607178e-01 -2.325442731380462646e-01 -9.279375672340393066e-01
4.589574337005615234e-01 -3.902240395545959473e-01 -7.981749773025512695e-01
-3.155238553881645203e-02 6.672124862670898438e-01 -7.441988587379455566e-01
4.725339412689208984e-01 -6.082600951194763184e-01 -6.377549171447753906e-01
3.389622271060943604e-02 1.759911514818668365e-02 -9.992703199386596680e-01
-2.969699501991271973e-01 1.546814143657684326e-01 -9.422752261161804199e-01
-4.262559711933135986e-01 2.541676461696624756e-01 -8.681616187095642090e-01
-3.741557896137237549e-01 3.341148793697357178e-01 -8.650864958763122559e-01
1.580317467451095581e-01 -8.326499164104461670e-02 -9.839170575141906738e-01
3.217425644397735596e-01 -1.903549581766128540e-01 -9.274948835372924805e-01
5.105893015861511230e-01 -3.117972314357757568e-01 -8.012996315956115723e-01
5.593289732933044434e-01 -4.720222651958465576e-01 -6.814295053482055664e-01
-3.389808535575866699e-02 -2.793827326968312263e-03 -9.994213581085205078e-01
6.729838252067565918e-02 -1.571793258190155029e-01 -9.852744340896606445e-01
-3.079527616500854492e-01 1.165016740560531616e-01 -9.442417621612548828e-01
-4.520800113677978516e-01 1.961928904056549072e-01 -8.701333403587341309e-01
-4.299232959747314453e-01 2.571831047534942627e-01 -8.654611110687255859e-01
1.624054610729217529e-01 -5.834478512406349182e-02 -9.849976301193237305e-01
3.434731960296630859e-01 -1.433478444814682007e-01 -9.281581640243530273e-01
8.437586575746536255e-02 -3.258441090583801270e-01 -9.416508674621582031e-01
-1.448856592178344727e-01 -3.625529706478118896e-01 -9.206320643424987793e-01
2.518198639154434204e-02 -1.332482323050498962e-02 -9.995940327644348145e-01
-3.137837946414947510e-01 7.371939718723297119e-02 -9.466283321380615234e-01
-4.698147475719451904e-01 1.331777572631835938e-01 -8.726612925529479980e-01
1.107364818453788757e-01 -3.420512676239013672e-01 -9.331336617469787598e-01
-4.802996218204498291e-01 1.663594245910644531e-01 -8.611834049224853516e-01
1.647774875164031982e-01 -3.605536743998527527e-02 -9.856715202331542969e-01
3.515985608100891113e-01 -9.541303664445877075e-02 -9.312759041786193848e-01
-9.533410519361495972e-02 -1.843470484018325806e-01 -9.782267808914184570e-01
-1.705878973007202148e-01 -1.489619016647338867e-01 -9.740175008773803711e-01
9.185808710753917694e-03 -2.985272184014320374e-02 -9.995120763778686523e-01
-3.286007642745971680e-01 2.676130272448062897e-02 -9.440897107124328613e-01
-4.929459691047668457e-01 6.205598264932632446e-02 -8.678440451622009277e-01
-5.197675228118896484e-01 5.205404758453369141e-02 -8.527204990386962891e-01
1.672383397817611694e-01 -1.414434611797332764e-02 -9.858149886131286621e-01
1.675803810358047485e-01 -6.031078696250915527e-01 -7.798574566841125488e-01
3.678042292594909668e-01 -4.686902463436126709e-02 -9.287213683128356934e-01
-1.132664382457733154e-01 -6.606817990541458130e-02 -9.913656115531921387e-01
-3.820837661623954773e-02 -6.861411780118942261e-02 -9.969113469123840332e-01
-8.254516869783401489e-03 -5.203100293874740601e-02 -9.986113309860229492e-01
-3.146523833274841309e-01 -2.665531262755393982e-02 -9.488326311111450195e-01
-5.093953609466552734e-01 -1.338260527700185776e-02 -8.604286313056945801e-01
-5.486217141151428223e-01 -7.887117564678192139e-02 -8.323422074317932129e-01
1.700473427772521973e-01 4.193331580609083176e-03 -9.854269623756408691e-01
3.581708669662475586e-01 3.207837697118520737e-03 -9.336505532264709473e-01
-9.674311429262161255e-02 -7.298080250620841980e-03 -9.952825903892517090e-01
5.243183672428131104e-02 -7.824544310569763184e-01 -6.204965710639953613e-01
6.436443924903869629e-01 1.365686953067779541e-01 -7.530410885810852051e-01
-1.261683087795972824e-02 -7.444675266742706299e-02 -9.971451759338378906e-01
-2.896554768085479736e-01 -7.666392624378204346e-02 -9.540557265281677246e-01
-5.133209824562072754e-01 -9.716893732547760010e-02 -8.526780009269714355e-01
-5.608952045440673828e-01 -2.189809679985046387e-01 -7.984008789062500000e-01
1.637328565120697021e-01 2.480297163128852844e-02 -9.861928224563598633e-01
1.420941650867462158e-01 4.039788991212844849e-02 -9.890283942222595215e-01
5.750713348388671875e-01 1.112420260906219482e-01 -8.105049133300781250e-01
6.112318634986877441e-01 2.451307773590087891e-01 -7.525333762168884277e-01
-4.315396770834922791e-02 -9.233112633228302002e-02 -9.947927594184875488e-01
5.387282744050025940e-02 7.003357261419296265e-02 -9.960888028144836426e-01
-2.687009871006011963e-01 -1.352937668561935425e-01 -9.536746740341186523e-01
-4.981708824634552002e-01 -1.911158561706542969e-01 -8.457543849945068359e-01
-5.523768663406372070e-01 -3.672477602958679199e-01 -7.483373880386352539e-01
1.515910029411315918e-01 4.362236335873603821e-02 -9.874802827835083008e-01
1.036377772688865662e-01 9.112805128097534180e-02 -9.904317259788513184e-01
5.677291154861450195e-01 1.847058534622192383e-01 -8.022266030311584473e-01
5.631673336029052734e-01 3.268576264381408691e-01 -7.589510679244995117e-01
-4.748867079615592957e-02 -1.061108410358428955e-01 -9.932196736335754395e-01
-2.305900305509567261e-01 -1.895409971475601196e-01 -9.544121026992797852e-01
-4.665360450744628906e-01 -2.925889194011688232e-01 -8.347070813179016113e-01
