1.741137742996215820e+00 1.741137742996215820e+00 1.741137742996215820e+00
1.741194486618041992e+00 1.741194486618041992e+00 1.741194486618041992e+00
1.741179943084716797e+00 1.741179943084716797e+00 1.741179943084716797e+00
1.741197109222412109e+00 1.741197109222412109e+00 1.741197109222412109e+00
1.741166830062866211e+00 1.741166830062866211e+00 1.741166830062866211e+00
1.741116166114807129e+00 1.741116166114807129e+00 1.741116166114807129e+00
1.741204023361206055e+00 1.741204023361206055e+00 1.741204023361206055e+00
1.741174936294555664e+00 1.741174936294555664e+00 1.741174936294555664e+00
1.741059422492980957e+00 1.741059422492980957e+00 1.741059422492980957e+00
1.741199970245361328e+00 1.741199970245361328e+00 1.741199970245361328e+00
1.741170525550842285e+00 1.741170525550842285e+00 1.741170525550842285e+00
1.741064667701721191e+00 1.741064667701721191e+00 1.741064667701721191e+00
1.741144776344299316e+00 1.741144776344299316e+00 1.741144776344299316e+00
1.741243600845336914e+00 1.741243600845336914e+00 1.741243600845336914e+00
1.741217136383056641e+00 1.741217136383056641e+00 1.741217136383056641e+00
1.741197943687438965e+00 1.741197943687438965e+00 1.741197943687438965e+00
1.741176128387451172e+00 1.741176128387451172e+00 1.741176128387451172e+00
1.741187691688537598e+00 1.741187691688537598e+00 1.741187691688537598e+00
1.741175413131713867e+00 1.741175413131713867e+00 1.741175413131713867e+00
1.741148591041564941e+00 1.741148591041564941e+00 1.741148591041564941e+00
1.741099715232849121e+00 1.741099715232849121e+00 1.741099715232849121e+00
1.741144180297851562e+00 1.741144180297851562e+00 1.741144180297851562e+00
1.741205692291259766e+00 1.741205692291259766e+00 1.741205692291259766e+00
1.741248846054077148e+00 1.741248846054077148e+00 1.741248846054077148e+00
1.741170525550842285e+00 1.741170525550842285e+00 1.741170525550842285e+00
1.741033554077148438e+00 1.741033554077148438e+00 1.741033554077148438e+00
1.741180062294006348e+00 1.741180062294006348e+00 1.741180062294006348e+00
1.741112709045410156e+00 1.741112709045410156e+00 1.741112709045410156e+00
1.741222143173217773e+00 1.741222143173217773e+00 1.741222143173217773e+00
1.741207003593444824e+00 1.741207003593444824e+00 1.741207003593444824e+00
1.741054415702819824e+00 1.741054415702819824e+00 1.741054415702819824e+00
1.741203546524047852e+00 1.741203546524047852e+00 1.741203546524047852e+00
1.741194009780883789e+00 1.741194009780883789e+00 1.741194009780883789e+00
1.741157412528991699e+00 1.741157412528991699e+00 1.741157412528991699e+00
1.741160273551940918e+00 1.741160273551940918e+00 1.741160273551940918e+00
1.741199731826782227e+00 1.741199731826782227e+00 1.741199731826782227e+00
1.741314649581909180e+00 1.741314649581909180e+00 1.741314649581909180e+00
1.741199731826782227e+00 1.741199731826782227e+00 1.741199731826782227e+00
1.741150736808776855e+00 1.741150736808776855e+00 1.741150736808776855e+00
1.741155028343200684e+00 1.741155028343200684e+00 1.741155028343200684e+00
1.741171360015869141e+00 1.741171360015869141e+00 1.741171360015869141e+00
1.741164326667785645e+00 1.741164326667785645e+00 1.741164326667785645e+00
1.741248011589050293e+00 1.741248011589050293e+00 1.741248011589050293e+00
1.741155147552490234e+00 1.741155147552490234e+00 1.741155147552490234e+00
1.741218686103820801e+00 1.741218686103820801e+00 1.741218686103820801e+00
1.741171479225158691e+00 1.741171479225158691e+00 1.741171479225158691e+00
1.741126060485839844e+00 1.741126060485839844e+00 1.741126060485839844e+00
1.741170287132263184e+00 1.741170287132263184e+00 1.741170287132263184e+00
1.741055011749267578e+00 1.741055011749267578e+00 1.741055011749267578e+00
1.741276264190673828e+00 1.741276264190673828e+00 1.741276264190673828e+00
1.741203546524047852e+00 1.741203546524047852e+00 1.741203546524047852e+00
1.741166949272155762e+00 1.741166949272155762e+00 1.741166949272155762e+00
1.741202473640441895e+00 1.741202473640441895e+00 1.741202473640441895e+00
1.741138100624084473e+00 1.741138100624084473e+00 1.741138100624084473e+00
1.741197705268859863e+00 1.741197705268859863e+00 1.741197705268859863e+00
1.741159200668334961e+00 1.741159200668334961e+00 1.741159200668334961e+00
1.741215348243713379e+00 1.741215348243713379e+00 1.741215348243713379e+00
1.741191267967224121e+00 1.741191267967224121e+00 1.741191267967224121e+00
1.741190671920776367e+00 1.741190671920776367e+00 1.741190671920776367e+00
1.741184711456298828e+00 1.741184711456298828e+00 1.741184711456298828e+00
1.741179704666137695e+00 1.741179704666137695e+00 1.741179704666137695e+00
1.741163134574890137e+00 1.741163134574890137e+00 1.741163134574890137e+00
1.741172313690185547e+00 1.741172313690185547e+00 1.741172313690185547e+00
1.741169333457946777e+00 1.741169333457946777e+00 1.741169333457946777e+00
1.741187214851379395e+00 1.741187214851379395e+00 1.741187214851379395e+00
1.741176366806030273e+00 1.741176366806030273e+00 1.741176366806030273e+00
1.741126418113708496e+00 1.741126418113708496e+00 1.741126418113708496e+00
1.741118907928466797e+00 1.741118907928466797e+00 1.741118907928466797e+00
1.741168975830078125e+00 1.741168975830078125e+00 1.741168975830078125e+00
1.741130590438842773e+00 1.741130590438842773e+00 1.741130590438842773e+00
1.741142153739929199e+00 1.741142153739929199e+00 1.741142153739929199e+00
1.741207599639892578e+00 1.741207599639892578e+00 1.741207599639892578e+00
1.741219758987426758e+00 1.741219758987426758e+00 1.741219758987426758e+00
1.741182327270507812e+00 1.741182327270507812e+00 1.741182327270507812e+00
1.741159558296203613e+00 1.741159558296203613e+00 1.741159558296203613e+00
1.741138339042663574e+00 1.741138339042663574e+00 1.741138339042663574e+00
1.741142630577087402e+00 1.741142630577087402e+00 1.741142630577087402e+00
1.741199970245361328e+00 1.741199970245361328e+00 1.741199970245361328e+00
1.741152644157409668e+00 1.741152644157409668e+00 1.741152644157409668e+00
1.741152286529541016e+00 1.741152286529541016e+00 1.741152286529541016e+00
1.741255760192871094e+00 1.741255760192871094e+00 1.741255760192871094e+00
1.741157650947570801e+00 1.741157650947570801e+00 1.741157650947570801e+00
1.741115570068359375e+00 1.741115570068359375e+00 1.741115570068359375e+00
1.741132497787475586e+00 1.741132497787475586e+00 1.741132497787475586e+00
1.741220355033874512e+00 1.741220355033874512e+00 1.741220355033874512e+00
1.741183757781982422e+00 1.741183757781982422e+00 1.741183757781982422e+00
1.741179347038269043e+00 1.741179347038269043e+00 1.741179347038269043e+00
1.741220951080322266e+00 1.741220951080322266e+00 1.741220951080322266e+00
1.741120576858520508e+00 1.741120576858520508e+00 1.741120576858520508e+00
1.741202116012573242e+00 1.741202116012573242e+00 1.741202116012573242e+00
1.741186618804931641e+00 1.741186618804931641e+00 1.741186618804931641e+00
1.741207838058471680e+00 1.741207838058471680e+00 1.741207838058471680e+00
1.741218686103820801e+00 1.741218686103820801e+00 1.741218686103820801e+00
1.741234779357910156e+00 1.741234779357910156e+00 1.741234779357910156e+00
1.741173982620239258e+00 1.741173982620239258e+00 1.741173982620239258e+00
1.741184830665588379e+00 1.741184830665588379e+00 1.741184830665588379e+00
1.741107344627380371e+00 1.741107344627380371e+00 1.741107344627380371e+00
1.741159558296203613e+00 1.741159558296203613e+00 1.741159558296203613e+00
1.741232156753540039e+00 1.741232156753540039e+00 1.741232156753540039e+00
1.741124272346496582e+00 1.741124272346496582e+00 1.741124272346496582e+00
1.741199493408203125e+00 1.741199493408203125e+00 1.741199493408203125e+00
1.741160511970520020e+00 1.741160511970520020e+00 1.741160511970520020e+00
1.741130590438842773e+00 1.741130590438842773e+00 1.741130590438842773e+00
1.741189241409301758e+00 1.741189241409301758e+00 1.741189241409301758e+00
1.741145968437194824e+00 1.741145968437194824e+00 1.741145968437194824e+00
1.741199016571044922e+00 1.741199016571044922e+00 1.741199016571044922e+00
1.741202712059020996e+00 1.741202712059020996e+00 1.741202712059020996e+00
1.741184353828430176e+00 1.741184353828430176e+00 1.741184353828430176e+00
1.741167187690734863e+00 1.741167187690734863e+00 1.741167187690734863e+00
1.741192460060119629e+00 1.741192460060119629e+00 1.741192460060119629e+00
1.741227269172668457e+00 1.741227269172668457e+00 1.741227269172668457e+00
1.741126656532287598e+00 1.741126656532287598e+00 1.741126656532287598e+00
1.741172313690185547e+00 1.741172313690185547e+00 1.741172313690185547e+00
1.741093277931213379e+00 1.741093277931213379e+00 1.741093277931213379e+00
1.741185069084167480e+00 1.741185069084167480e+00 1.741185069084167480e+00
1.741050720214843750e+00 1.741050720214843750e+00 1.741050720214843750e+00
1.741165399551391602e+00 1.741165399551391602e+00 1.741165399551391602e+00
1.741162300109863281e+00 1.741162300109863281e+00 1.741162300109863281e+00
1.741190433502197266e+00 1.741190433502197266e+00 1.741190433502197266e+00
1.741215467453002930e+00 1.741215467453002930e+00 1.741215467453002930e+00
1.741184830665588379e+00 1.741184830665588379e+00 1.741184830665588379e+00
1.741129875183105469e+00 1.741129875183105469e+00 1.741129875183105469e+00
1.741219282150268555e+00 1.741219282150268555e+00 1.741219282150268555e+00
1.741172552108764648e+00 1.741172552108764648e+00 1.741172552108764648e+00
1.741189718246459961e+00 1.741189718246459961e+00 1.741189718246459961e+00
1.741124987602233887e+00 1.741124987602233887e+00 1.741124987602233887e+00
1.741187453269958496e+00 1.741187453269958496e+00 1.741187453269958496e+00
1.741204261779785156e+00 1.741204261779785156e+00 1.741204261779785156e+00
1.741198778152465820e+00 1.741198778152465820e+00 1.741198778152465820e+00
1.741328477859497070e+00 1.741328477859497070e+00 1.741328477859497070e+00
1.741178035736083984e+00 1.741178035736083984e+00 1.741178035736083984e+00
1.741158962249755859e+00 1.741158962249755859e+00 1.741158962249755859e+00
1.741179704666137695e+00 1.741179704666137695e+00 1.741179704666137695e+00
1.741234064102172852e+00 1.741234064102172852e+00 1.741234064102172852e+00
1.741146445274353027e+00 1.741146445274353027e+00 1.741146445274353027e+00
1.741196036338806152e+00 1.741196036338806152e+00 1.741196036338806152e+00
1.741191983222961426e+00 1.741191983222961426e+00 1.741191983222961426e+00
1.741134524345397949e+00 1.741134524345397949e+00 1.741134524345397949e+00
1.741153001785278320e+00 1.741153001785278320e+00 1.741153001785278320e+00
1.741155624389648438e+00 1.741155624389648438e+00 1.741155624389648438e+00
1.741172313690185547e+00 1.741172313690185547e+00 1.741172313690185547e+00
1.741133689880371094e+00 1.741133689880371094e+00 1.741133689880371094e+00
1.741195201873779297e+00 1.741195201873779297e+00 1.741195201873779297e+00
1.741177082061767578e+00 1.741177082061767578e+00 1.741177082061767578e+00
