5.773883312940597534e-03 3.544100821018218994e-01 -9.350722432136535645e-01
1.714144349098205566e-01 4.250696599483489990e-01 -8.887817263603210449e-01
-6.006310582160949707e-01 -2.858079373836517334e-01 -7.466968297958374023e-01
-3.569669723510742188e-01 -7.296724617481231689e-02 -9.312627315521240234e-01
-4.628344476222991943e-01 -1.116366088390350342e-01 -8.793870806694030762e-01
-5.586758852005004883e-01 -1.517886966466903687e-01 -8.153781294822692871e-01
-6.443205475807189941e-01 -1.752914786338806152e-01 -7.443950176239013672e-01
-3.716504275798797607e-01 -9.900427423417568207e-03 -9.283199906349182129e-01
-4.800515770912170410e-01 -2.975319884717464447e-02 -8.767355680465698242e-01
-5.798743367195129395e-01 -5.063572525978088379e-02 -8.131308555603027344e-01
-6.686918735504150391e-01 -6.255583465099334717e-02 -7.409034967422485352e-01
-3.760070502758026123e-01 5.037546157836914062e-02 -9.252464771270751953e-01
2.064007520675659180e-01 5.113838315010070801e-01 -8.341974020004272461e-01
-4.819798469543457031e-01 4.996137693524360657e-02 -8.747566938400268555e-01
-5.829660296440124512e-01 4.694598540663719177e-02 -8.111391067504882812e-01
-6.686115264892578125e-01 4.875816777348518372e-02 -7.420116066932678223e-01
-3.673968315124511719e-01 1.080732494592666626e-01 -9.237638711929321289e-01
-4.714311063289642334e-01 1.248478293418884277e-01 -8.730210661888122559e-01
-5.670227408409118652e-01 1.391863673925399780e-01 -8.118574023246765137e-01
-6.563322544097900391e-01 1.519659161567687988e-01 -7.390090227127075195e-01
-3.490917682647705078e-01 1.621422171592712402e-01 -9.229544401168823242e-01
-4.487809538841247559e-01 1.940154582262039185e-01 -8.723266124725341797e-01
-5.399352908134460449e-01 2.224271893501281738e-01 -8.117857575416564941e-01
2.381783872842788696e-01 5.982727408409118652e-01 -7.650756835937500000e-01
-6.228936314582824707e-01 2.488555461168289185e-01 -7.416700720787048340e-01
-3.183929622173309326e-01 2.107915878295898438e-01 -9.242255091667175293e-01
-4.128867685794830322e-01 2.568826973438262939e-01 -8.738053441047668457e-01
-4.975979626178741455e-01 3.001208901405334473e-01 -8.138327598571777344e-01
-5.754017233848571777e-01 3.418514132499694824e-01 -7.430009841918945312e-01
-2.791161239147186279e-01 2.546979784965515137e-01 -9.258633852005004883e-01
-3.629873096942901611e-01 3.156748414039611816e-01 -8.766924738883972168e-01
-4.422485530376434326e-01 3.722716569900512695e-01 -8.159840703010559082e-01
-5.107049942016601562e-01 4.261236786842346191e-01 -7.467255592346191406e-01
-2.278968393802642822e-01 2.959475219249725342e-01 -9.276195168495178223e-01
1.881108433008193970e-01 3.069860339164733887e-01 -9.329383373260498047e-01
-2.998063266277313232e-01 3.693284392356872559e-01 -8.796093463897705078e-01
-3.690053522586822510e-01 4.373852312564849854e-01 -8.200787901878356934e-01
-4.299547374248504639e-01 5.019643902778625488e-01 -7.504469752311706543e-01
-1.786964684724807739e-01 3.197767436504364014e-01 -9.304893016815185547e-01
-2.358887344598770142e-01 4.042479395866394043e-01 -8.837081193923950195e-01
-2.908945381641387939e-01 4.846136569976806641e-01 -8.249424099922180176e-01
-3.398853540420532227e-01 5.611419677734375000e-01 -7.547168731689453125e-01
-1.209565550088882446e-01 3.417667150497436523e-01 -9.319682717323303223e-01
-1.610743254423141479e-01 4.328587651252746582e-01 -8.869546055793762207e-01
-1.984838247299194336e-01 5.220314264297485352e-01 -8.295103907585144043e-01
2.415222674608230591e-01 3.907875418663024902e-01 -8.882297277450561523e-01
-2.315352112054824829e-01 6.108219027519226074e-01 -7.571579217910766602e-01
-5.781816318631172180e-02 3.515534996986389160e-01 -9.343807697296142578e-01
-7.813520729541778564e-02 4.488736689090728760e-01 -8.901726603507995605e-01
-9.786365181207656860e-02 5.485245585441589355e-01 -8.303876519203186035e-01
-1.131248548626899719e-01 6.376130580902099609e-01 -7.620054483413696289e-01
2.921540141105651855e-01 4.690057635307312012e-01 -8.334743976593017578e-01
3.378944694995880127e-01 5.457080602645874023e-01 -7.668312191963195801e-01
2.361391782760620117e-01 2.753953635692596436e-01 -9.318775534629821777e-01
3.046479821205139160e-01 3.469040691852569580e-01 -8.870441317558288574e-01
3.675225377082824707e-01 4.140002131462097168e-01 -8.327851295471191406e-01
7.107603829354047775e-03 4.561152160167694092e-01 -8.898923397064208984e-01
4.237963855266571045e-01 4.781988561153411865e-01 -7.692349553108215332e-01
2.760529220104217529e-01 2.398171573877334595e-01 -9.307429790496826172e-01
3.557192981243133545e-01 2.955349385738372803e-01 -8.866357207298278809e-01
4.288907349109649658e-01 3.490053415298461914e-01 -8.332154750823974609e-01
4.966247379779815674e-01 4.028561115264892578e-01 -7.688113451004028320e-01
3.081500828266143799e-01 1.981465965509414673e-01 -9.304737448692321777e-01
3.971092998981475830e-01 2.397134602069854736e-01 -8.859128952026367188e-01
4.777845740318298340e-01 2.804007232189178467e-01 -8.325246572494506836e-01
5.548201799392700195e-01 3.188436031341552734e-01 -7.684485912322998047e-01
3.325215280055999756e-01 1.513345241546630859e-01 -9.308745265007019043e-01
8.596205152571201324e-03 5.541149973869323730e-01 -8.323957324028015137e-01
4.277944862842559814e-01 1.778447926044464111e-01 -8.862071633338928223e-01
5.160869359970092773e-01 2.035399377346038818e-01 -8.320010304450988770e-01
5.991277694702148438e-01 2.258149534463882446e-01 -7.681494355201721191e-01
3.477415144443511963e-01 1.009471863508224487e-01 -9.321403503417968750e-01
4.482199251651763916e-01 1.102019622921943665e-01 -8.871045112609863281e-01
5.404728055000305176e-01 1.218323558568954468e-01 -8.324937820434570312e-01
6.274226903915405273e-01 1.287571340799331665e-01 -7.679598331451416016e-01
3.527958989143371582e-01 4.454908892512321472e-02 -9.346392750740051270e-01
4.565072059631347656e-01 3.587476909160614014e-02 -8.889961242675781250e-01
5.506049394607543945e-01 3.122207336127758026e-02 -8.341818451881408691e-01
8.800707757472991943e-03 6.474780440330505371e-01 -7.620333433151245117e-01
6.405419111251831055e-01 2.185665816068649292e-02 -7.676120996475219727e-01
3.474666774272918701e-01 -1.287399418652057648e-02 -9.376039505004882812e-01
4.503887593746185303e-01 -3.895545005798339844e-02 -8.919823169708251953e-01
5.455520749092102051e-01 -6.508310884237289429e-02 -8.355460762977600098e-01
6.352625489234924316e-01 -9.019249677658081055e-02 -7.670115828514099121e-01
3.313750922679901123e-01 -7.431735098361968994e-02 -9.405676722526550293e-01
4.293393492698669434e-01 -1.192052662372589111e-01 -8.952417969703674316e-01
5.225710272789001465e-01 -1.627963483333587646e-01 -8.369092345237731934e-01
6.057018041610717773e-01 -2.053514420986175537e-01 -7.687367200851440430e-01
3.077509701251983643e-01 -1.325817853212356567e-01 -9.421843886375427246e-01
6.992878764867782593e-02 3.485109806060791016e-01 -9.346925616264343262e-01
3.969842195510864258e-01 -1.961852908134460449e-01 -8.966129422187805176e-01
4.814133346080780029e-01 -2.565391659736633301e-01 -8.381103277206420898e-01
5.599223971366882324e-01 -3.136779963970184326e-01 -7.668722271919250488e-01
2.748757302761077881e-01 -1.870646327733993530e-01 -9.431066513061523438e-01
3.511714339256286621e-01 -2.643260061740875244e-01 -8.982262015342712402e-01
4.233192801475524902e-01 -3.418953120708465576e-01 -8.389924764633178711e-01
4.919758737087249756e-01 -4.065396189689636230e-01 -7.698605656623840332e-01
2.328920513391494751e-01 -2.333401590585708618e-01 -9.440941214561462402e-01
2.956869006156921387e-01 -3.252305984497070312e-01 -8.982173800468444824e-01
3.528127372264862061e-01 -4.111101031303405762e-01 -8.405424356460571289e-01
9.164935350418090820e-02 4.461000859737396240e-01 -8.902781009674072266e-01
4.080821573734283447e-01 -4.858629703521728516e-01 -7.729206085205078125e-01
1.830269396305084229e-01 -2.721314728260040283e-01 -9.446934461593627930e-01
2.304980754852294922e-01 -3.736098706722259521e-01 -8.984911441802978516e-01
2.714577913284301758e-01 -4.655684232711791992e-01 -8.423518538475036621e-01
3.123067617416381836e-01 -5.534940361976623535e-01 -7.720807790756225586e-01
1.288462132215499878e-01 -3.013151288032531738e-01 -9.447792172431945801e-01
1.586404591798782349e-01 -4.084370136260986328e-01 -8.988950848579406738e-01
1.866424828767776489e-01 -5.122414827346801758e-01 -8.383157253265380859e-01
2.084238380193710327e-01 -6.028750538825988770e-01 -7.701305747032165527e-01
7.047510147094726562e-02 -3.220032453536987305e-01 -9.441118240356445312e-01
1.115965247154235840e-01 5.409990549087524414e-01 -8.335863351821899414e-01
8.290310949087142944e-02 -4.308939278125762939e-01 -8.985863924026489258e-01
9.066418558359146118e-02 -5.386847853660583496e-01 -8.376149535179138184e-01
9.562559425830841064e-02 -6.323923468589782715e-01 -7.687233686447143555e-01
6.473227404057979584e-03 -3.336966037750244141e-01 -9.426583647727966309e-01
-3.411856596358120441e-04 -4.430072903633117676e-01 -8.965179920196533203e-01
-1.205526012927293777e-02 -5.474712252616882324e-01 -8.367377519607543945e-01
-2.521038614213466644e-02 -6.398150324821472168e-01 -7.681153416633605957e-01
-5.960199609398841858e-02 -3.312759697437286377e-01 -9.416494965553283691e-01
-8.604674786329269409e-02 -4.364608824253082275e-01 -8.955991268157958984e-01
-1.158812642097473145e-01 -5.400958061218261719e-01 -8.335875272750854492e-01
1.280791312456130981e-01 6.335045099258422852e-01 -7.630646824836730957e-01
-1.460421383380889893e-01 -6.229381561279296875e-01 -7.685177922248840332e-01
-1.274086385965347290e-01 -3.165019452571868896e-01 -9.399966001510620117e-01
-1.707504242658615112e-01 -4.156912565231323242e-01 -8.933336138725280762e-01
-2.138283997774124146e-01 -5.139449238777160645e-01 -8.307454586029052734e-01
-2.586068809032440186e-01 -5.966301560401916504e-01 -7.597071528434753418e-01
-1.892416328191757202e-01 -2.864812016487121582e-01 -9.392103552818298340e-01
-2.485080510377883911e-01 -3.795958459377288818e-01 -8.911513686180114746e-01
-3.032219111919403076e-01 -4.689343869686126709e-01 -8.295523524284362793e-01
-3.579474389553070068e-01 -5.511583685874938965e-01 -7.537227869033813477e-01
-2.438279837369918823e-01 -2.473172694444656372e-01 -9.377537369728088379e-01
1.319996714591979980e-01 3.327297270298004150e-01 -9.337382316589355469e-01
-3.191844820976257324e-01 -3.304986953735351562e-01 -8.881958723068237305e-01
-3.873957991600036621e-01 -4.053503870964050293e-01 -8.280190229415893555e-01
-4.484899938106536865e-01 -4.753326475620269775e-01 -7.569118142127990723e-01
-2.914078831672668457e-01 -1.980891823768615723e-01 -9.358643293380737305e-01
-3.790246248245239258e-01 -2.665941417217254639e-01 -8.861533403396606445e-01
-4.621005654335021973e-01 -3.349928557872772217e-01 -8.211229443550109863e-01
-5.297550559043884277e-01 -3.942625522613525391e-01 -7.509437799453735352e-01
-3.307556807994842529e-01 -1.388334929943084717e-01 -9.334484338760375977e-01
-4.281143248081207275e-01 -1.927998661994934082e-01 -8.829192519187927246e-01
-5.197992324829101562e-01 -2.481759488582611084e-01 -8.174456954002380371e-01
