1.705869436264038086e+00 1.705869436264038086e+00 1.705869436264038086e+00
1.705937862396240234e+00 1.705937862396240234e+00 1.705937862396240234e+00
1.705883264541625977e+00 1.705883264541625977e+00 1.705883264541625977e+00
1.705871582031250000e+00 1.705871582031250000e+00 1.705871582031250000e+00
1.705859780311584473e+00 1.705859780311584473e+00 1.705859780311584473e+00
1.705883383750915527e+00 1.705883383750915527e+00 1.705883383750915527e+00
1.705770730972290039e+00 1.705770730972290039e+00 1.705770730972290039e+00
1.705769419670104980e+00 1.705769419670104980e+00 1.705769419670104980e+00
1.705862164497375488e+00 1.705862164497375488e+00 1.705862164497375488e+00
1.705892324447631836e+00 1.705892324447631836e+00 1.705892324447631836e+00
1.705858469009399414e+00 1.705858469009399414e+00 1.705858469009399414e+00
1.705833792686462402e+00 1.705833792686462402e+00 1.705833792686462402e+00
1.705830335617065430e+00 1.705830335617065430e+00 1.705830335617065430e+00
1.705949664115905762e+00 1.705949664115905762e+00 1.705949664115905762e+00
1.705842375755310059e+00 1.705842375755310059e+00 1.705842375755310059e+00
1.705915689468383789e+00 1.705915689468383789e+00 1.705915689468383789e+00
1.705841064453125000e+00 1.705841064453125000e+00 1.705841064453125000e+00
1.705874800682067871e+00 1.705874800682067871e+00 1.705874800682067871e+00
1.706085324287414551e+00 1.706085324287414551e+00 1.706085324287414551e+00
1.705885767936706543e+00 1.705885767936706543e+00 1.705885767936706543e+00
1.705817937850952148e+00 1.705817937850952148e+00 1.705817937850952148e+00
1.705856561660766602e+00 1.705856561660766602e+00 1.705856561660766602e+00
1.705875635147094727e+00 1.705875635147094727e+00 1.705875635147094727e+00
1.705903768539428711e+00 1.705903768539428711e+00 1.705903768539428711e+00
1.705827474594116211e+00 1.705827474594116211e+00 1.705827474594116211e+00
1.705863595008850098e+00 1.705863595008850098e+00 1.705863595008850098e+00
1.705847382545471191e+00 1.705847382545471191e+00 1.705847382545471191e+00
1.705857396125793457e+00 1.705857396125793457e+00 1.705857396125793457e+00
1.705842018127441406e+00 1.705842018127441406e+00 1.705842018127441406e+00
1.705868482589721680e+00 1.705868482589721680e+00 1.705868482589721680e+00
1.705850243568420410e+00 1.705850243568420410e+00 1.705850243568420410e+00
1.705802679061889648e+00 1.705802679061889648e+00 1.705802679061889648e+00
1.705934762954711914e+00 1.705934762954711914e+00 1.705934762954711914e+00
1.705883979797363281e+00 1.705883979797363281e+00 1.705883979797363281e+00
1.705872297286987305e+00 1.705872297286987305e+00 1.705872297286987305e+00
1.705838918685913086e+00 1.705838918685913086e+00 1.705838918685913086e+00
1.705837368965148926e+00 1.705837368965148926e+00 1.705837368965148926e+00
1.705836415290832520e+00 1.705836415290832520e+00 1.705836415290832520e+00
1.705868005752563477e+00 1.705868005752563477e+00 1.705868005752563477e+00
1.705925226211547852e+00 1.705925226211547852e+00 1.705925226211547852e+00
1.705822587013244629e+00 1.705822587013244629e+00 1.705822587013244629e+00
1.705861687660217285e+00 1.705861687660217285e+00 1.705861687660217285e+00
1.705879449844360352e+00 1.705879449844360352e+00 1.705879449844360352e+00
1.705863356590270996e+00 1.705863356590270996e+00 1.705863356590270996e+00
1.705874443054199219e+00 1.705874443054199219e+00 1.705874443054199219e+00
1.705839991569519043e+00 1.705839991569519043e+00 1.705839991569519043e+00
1.705834269523620605e+00 1.705834269523620605e+00 1.705834269523620605e+00
1.705837130546569824e+00 1.705837130546569824e+00 1.705837130546569824e+00
1.705846905708312988e+00 1.705846905708312988e+00 1.705846905708312988e+00
1.705848693847656250e+00 1.705848693847656250e+00 1.705848693847656250e+00
1.705872178077697754e+00 1.705872178077697754e+00 1.705872178077697754e+00
1.705864191055297852e+00 1.705864191055297852e+00 1.705864191055297852e+00
1.705796599388122559e+00 1.705796599388122559e+00 1.705796599388122559e+00
1.705882668495178223e+00 1.705882668495178223e+00 1.705882668495178223e+00
1.705874681472778320e+00 1.705874681472778320e+00 1.705874681472778320e+00
1.705892443656921387e+00 1.705892443656921387e+00 1.705892443656921387e+00
1.705898880958557129e+00 1.705898880958557129e+00 1.705898880958557129e+00
1.705781340599060059e+00 1.705781340599060059e+00 1.705781340599060059e+00
1.705929279327392578e+00 1.705929279327392578e+00 1.705929279327392578e+00
1.705874204635620117e+00 1.705874204635620117e+00 1.705874204635620117e+00
1.705876827239990234e+00 1.705876827239990234e+00 1.705876827239990234e+00
1.706020832061767578e+00 1.706020832061767578e+00 1.706020832061767578e+00
1.705882191658020020e+00 1.705882191658020020e+00 1.705882191658020020e+00
1.705877065658569336e+00 1.705877065658569336e+00 1.705877065658569336e+00
1.705884099006652832e+00 1.705884099006652832e+00 1.705884099006652832e+00
1.705876469612121582e+00 1.705876469612121582e+00 1.705876469612121582e+00
1.705908179283142090e+00 1.705908179283142090e+00 1.705908179283142090e+00
1.705817699432373047e+00 1.705817699432373047e+00 1.705817699432373047e+00
1.705843687057495117e+00 1.705843687057495117e+00 1.705843687057495117e+00
1.705849885940551758e+00 1.705849885940551758e+00 1.705849885940551758e+00
1.705876111984252930e+00 1.705876111984252930e+00 1.705876111984252930e+00
1.705775976181030273e+00 1.705775976181030273e+00 1.705775976181030273e+00
1.705866575241088867e+00 1.705866575241088867e+00 1.705866575241088867e+00
1.705891847610473633e+00 1.705891847610473633e+00 1.705891847610473633e+00
1.705837249755859375e+00 1.705837249755859375e+00 1.705837249755859375e+00
1.705884099006652832e+00 1.705884099006652832e+00 1.705884099006652832e+00
1.705876350402832031e+00 1.705876350402832031e+00 1.705876350402832031e+00
1.705808520317077637e+00 1.705808520317077637e+00 1.705808520317077637e+00
1.705870032310485840e+00 1.705870032310485840e+00 1.705870032310485840e+00
1.705940365791320801e+00 1.705940365791320801e+00 1.705940365791320801e+00
1.705918669700622559e+00 1.705918669700622559e+00 1.705918669700622559e+00
1.705843567848205566e+00 1.705843567848205566e+00 1.705843567848205566e+00
1.705851078033447266e+00 1.705851078033447266e+00 1.705851078033447266e+00
1.705811142921447754e+00 1.705811142921447754e+00 1.705811142921447754e+00
1.705844998359680176e+00 1.705844998359680176e+00 1.705844998359680176e+00
1.705837011337280273e+00 1.705837011337280273e+00 1.705837011337280273e+00
1.705855011940002441e+00 1.705855011940002441e+00 1.705855011940002441e+00
1.705840468406677246e+00 1.705840468406677246e+00 1.705840468406677246e+00
1.705831766128540039e+00 1.705831766128540039e+00 1.705831766128540039e+00
1.705875277519226074e+00 1.705875277519226074e+00 1.705875277519226074e+00
1.705822348594665527e+00 1.705822348594665527e+00 1.705822348594665527e+00
1.705869436264038086e+00 1.705869436264038086e+00 1.705869436264038086e+00
1.706045627593994141e+00 1.706045627593994141e+00 1.706045627593994141e+00
1.705830454826354980e+00 1.705830454826354980e+00 1.705830454826354980e+00
1.705833673477172852e+00 1.705833673477172852e+00 1.705833673477172852e+00
1.705883622169494629e+00 1.705883622169494629e+00 1.705883622169494629e+00
1.705779552459716797e+00 1.705779552459716797e+00 1.705779552459716797e+00
1.705822944641113281e+00 1.705822944641113281e+00 1.705822944641113281e+00
1.705901622772216797e+00 1.705901622772216797e+00 1.705901622772216797e+00
1.705909132957458496e+00 1.705909132957458496e+00 1.705909132957458496e+00
1.705850601196289062e+00 1.705850601196289062e+00 1.705850601196289062e+00
1.705872416496276855e+00 1.705872416496276855e+00 1.705872416496276855e+00
1.705878376960754395e+00 1.705878376960754395e+00 1.705878376960754395e+00
1.705709457397460938e+00 1.705709457397460938e+00 1.705709457397460938e+00
1.705829620361328125e+00 1.705829620361328125e+00 1.705829620361328125e+00
1.705858230590820312e+00 1.705858230590820312e+00 1.705858230590820312e+00
1.705841660499572754e+00 1.705841660499572754e+00 1.705841660499572754e+00
1.705846548080444336e+00 1.705846548080444336e+00 1.705846548080444336e+00
1.705849409103393555e+00 1.705849409103393555e+00 1.705849409103393555e+00
1.705904603004455566e+00 1.705904603004455566e+00 1.705904603004455566e+00
1.705845832824707031e+00 1.705845832824707031e+00 1.705845832824707031e+00
1.705873370170593262e+00 1.705873370170593262e+00 1.705873370170593262e+00
1.705854058265686035e+00 1.705854058265686035e+00 1.705854058265686035e+00
1.705887079238891602e+00 1.705887079238891602e+00 1.705887079238891602e+00
1.705856084823608398e+00 1.705856084823608398e+00 1.705856084823608398e+00
1.705868840217590332e+00 1.705868840217590332e+00 1.705868840217590332e+00
1.705845713615417480e+00 1.705845713615417480e+00 1.705845713615417480e+00
1.705825686454772949e+00 1.705825686454772949e+00 1.705825686454772949e+00
1.705878615379333496e+00 1.705878615379333496e+00 1.705878615379333496e+00
1.705850958824157715e+00 1.705850958824157715e+00 1.705850958824157715e+00
1.706001996994018555e+00 1.706001996994018555e+00 1.706001996994018555e+00
1.705867528915405273e+00 1.705867528915405273e+00 1.705867528915405273e+00
1.705856084823608398e+00 1.705856084823608398e+00 1.705856084823608398e+00
1.705881476402282715e+00 1.705881476402282715e+00 1.705881476402282715e+00
1.705826759338378906e+00 1.705826759338378906e+00 1.705826759338378906e+00
1.705853700637817383e+00 1.705853700637817383e+00 1.705853700637817383e+00
1.705646038055419922e+00 1.705646038055419922e+00 1.705646038055419922e+00
1.705876469612121582e+00 1.705876469612121582e+00 1.705876469612121582e+00
1.705840706825256348e+00 1.705840706825256348e+00 1.705840706825256348e+00
1.705842256546020508e+00 1.705842256546020508e+00 1.705842256546020508e+00
1.705901384353637695e+00 1.705901384353637695e+00 1.705901384353637695e+00
1.705808043479919434e+00 1.705808043479919434e+00 1.705808043479919434e+00
1.705858111381530762e+00 1.705858111381530762e+00 1.705858111381530762e+00
1.705866098403930664e+00 1.705866098403930664e+00 1.705866098403930664e+00
1.705791711807250977e+00 1.705791711807250977e+00 1.705791711807250977e+00
1.705848693847656250e+00 1.705848693847656250e+00 1.705848693847656250e+00
1.705858826637268066e+00 1.705858826637268066e+00 1.705858826637268066e+00
1.705820322036743164e+00 1.705820322036743164e+00 1.705820322036743164e+00
1.705866575241088867e+00 1.705866575241088867e+00 1.705866575241088867e+00
1.705930829048156738e+00 1.705930829048156738e+00 1.705930829048156738e+00
1.705853819847106934e+00 1.705853819847106934e+00 1.705853819847106934e+00
1.705920100212097168e+00 1.705920100212097168e+00 1.705920100212097168e+00
1.705893039703369141e+00 1.705893039703369141e+00 1.705893039703369141e+00
1.705918073654174805e+00 1.705918073654174805e+00 1.705918073654174805e+00
