1.582063078880310059e+00 1.582063078880310059e+00 1.582063078880310059e+00
1.582089543342590332e+00 1.582089543342590332e+00 1.582089543342590332e+00
1.582095623016357422e+00 1.582095623016357422e+00 1.582095623016357422e+00
1.582062959671020508e+00 1.582062959671020508e+00 1.582062959671020508e+00
1.582084298133850098e+00 1.582084298133850098e+00 1.582084298133850098e+00
1.582069516181945801e+00 1.582069516181945801e+00 1.582069516181945801e+00
1.582044124603271484e+00 1.582044124603271484e+00 1.582044124603271484e+00
1.582186222076416016e+00 1.582186222076416016e+00 1.582186222076416016e+00
1.582087278366088867e+00 1.582087278366088867e+00 1.582087278366088867e+00
1.582095384597778320e+00 1.582095384597778320e+00 1.582095384597778320e+00
1.581985831260681152e+00 1.581985831260681152e+00 1.581985831260681152e+00
1.582135319709777832e+00 1.582135319709777832e+00 1.582135319709777832e+00
1.582105994224548340e+00 1.582105994224548340e+00 1.582105994224548340e+00
1.582131028175354004e+00 1.582131028175354004e+00 1.582131028175354004e+00
1.582076430320739746e+00 1.582076430320739746e+00 1.582076430320739746e+00
1.582079768180847168e+00 1.582079768180847168e+00 1.582079768180847168e+00
1.582139492034912109e+00 1.582139492034912109e+00 1.582139492034912109e+00
1.582127928733825684e+00 1.582127928733825684e+00 1.582127928733825684e+00
1.582119226455688477e+00 1.582119226455688477e+00 1.582119226455688477e+00
1.582110643386840820e+00 1.582110643386840820e+00 1.582110643386840820e+00
1.582076072692871094e+00 1.582076072692871094e+00 1.582076072692871094e+00
1.582124114036560059e+00 1.582124114036560059e+00 1.582124114036560059e+00
1.582031130790710449e+00 1.582031130790710449e+00 1.582031130790710449e+00
1.582172751426696777e+00 1.582172751426696777e+00 1.582172751426696777e+00
1.582134127616882324e+00 1.582134127616882324e+00 1.582134127616882324e+00
1.582104086875915527e+00 1.582104086875915527e+00 1.582104086875915527e+00
1.582061290740966797e+00 1.582061290740966797e+00 1.582061290740966797e+00
1.582125186920166016e+00 1.582125186920166016e+00 1.582125186920166016e+00
1.582087159156799316e+00 1.582087159156799316e+00 1.582087159156799316e+00
1.582019090652465820e+00 1.582019090652465820e+00 1.582019090652465820e+00
1.582075357437133789e+00 1.582075357437133789e+00 1.582075357437133789e+00
1.582140445709228516e+00 1.582140445709228516e+00 1.582140445709228516e+00
1.582095742225646973e+00 1.582095742225646973e+00 1.582095742225646973e+00
1.582110643386840820e+00 1.582110643386840820e+00 1.582110643386840820e+00
1.582082986831665039e+00 1.582082986831665039e+00 1.582082986831665039e+00
1.582036614418029785e+00 1.582036614418029785e+00 1.582036614418029785e+00
1.582100033760070801e+00 1.582100033760070801e+00 1.582100033760070801e+00
1.582116007804870605e+00 1.582116007804870605e+00 1.582116007804870605e+00
1.582052946090698242e+00 1.582052946090698242e+00 1.582052946090698242e+00
1.582078337669372559e+00 1.582078337669372559e+00 1.582078337669372559e+00
1.582058310508728027e+00 1.582058310508728027e+00 1.582058310508728027e+00
1.582087993621826172e+00 1.582087993621826172e+00 1.582087993621826172e+00
1.582038640975952148e+00 1.582038640975952148e+00 1.582038640975952148e+00
1.582068443298339844e+00 1.582068443298339844e+00 1.582068443298339844e+00
1.582262516021728516e+00 1.582262516021728516e+00 1.582262516021728516e+00
1.582102775573730469e+00 1.582102775573730469e+00 1.582102775573730469e+00
1.582124590873718262e+00 1.582124590873718262e+00 1.582124590873718262e+00
1.582051753997802734e+00 1.582051753997802734e+00 1.582051753997802734e+00
1.582110762596130371e+00 1.582110762596130371e+00 1.582110762596130371e+00
1.582064628601074219e+00 1.582064628601074219e+00 1.582064628601074219e+00
1.582071065902709961e+00 1.582071065902709961e+00 1.582071065902709961e+00
1.582069396972656250e+00 1.582069396972656250e+00 1.582069396972656250e+00
1.582101106643676758e+00 1.582101106643676758e+00 1.582101106643676758e+00
1.582037925720214844e+00 1.582037925720214844e+00 1.582037925720214844e+00
1.582110047340393066e+00 1.582110047340393066e+00 1.582110047340393066e+00
1.582129120826721191e+00 1.582129120826721191e+00 1.582129120826721191e+00
1.582030534744262695e+00 1.582030534744262695e+00 1.582030534744262695e+00
1.582038164138793945e+00 1.582038164138793945e+00 1.582038164138793945e+00
1.582117795944213867e+00 1.582117795944213867e+00 1.582117795944213867e+00
1.582178950309753418e+00 1.582178950309753418e+00 1.582178950309753418e+00
1.582131147384643555e+00 1.582131147384643555e+00 1.582131147384643555e+00
1.582097053527832031e+00 1.582097053527832031e+00 1.582097053527832031e+00
1.582123398780822754e+00 1.582123398780822754e+00 1.582123398780822754e+00
1.582209944725036621e+00 1.582209944725036621e+00 1.582209944725036621e+00
