-7.921226322650909424e-02 -2.733045816421508789e-01 -9.586605429649353027e-01
2.501439303159713745e-02 -2.684837579727172852e-01 -9.629594087600708008e-01
1.105911359190940857e-01 -2.132765352725982666e-01 -9.707124829292297363e-01
1.933030635118484497e-01 -1.434785574674606323e-01 -9.705914855003356934e-01
2.032910585403442383e-01 -3.367927297949790955e-02 -9.785389900207519531e-01
1.995182633399963379e-01 8.023870736360549927e-02 -9.766033887863159180e-01
1.425044387578964233e-01 1.869528889656066895e-01 -9.719779491424560547e-01
5.525223910808563232e-02 2.474832981824874878e-01 -9.673154354095458984e-01
-3.552980348467826843e-02 2.557428181171417236e-01 -9.660916924476623535e-01
-1.373724788427352905e-01 2.466021478176116943e-01 -9.593311548233032227e-01
-2.282716035842895508e-01 1.851125657558441162e-01 -9.558374881744384766e-01
-2.886998057365417480e-01 1.055218875408172607e-01 -9.515869021415710449e-01
-3.143900930881500244e-01 1.335750613361597061e-02 -9.491998553276062012e-01
-3.006925582885742188e-01 -6.907748430967330933e-02 -9.512162208557128906e-01
-2.651282548904418945e-01 -1.479192972183227539e-01 -9.527994990348815918e-01
-1.898180842399597168e-01 -2.072963863611221313e-01 -9.596860408782958984e-01
-5.088544636964797974e-02 -4.964941143989562988e-01 -8.665472865104675293e-01
1.383402943611145020e-01 -4.631132781505584717e-01 -8.754358887672424316e-01
2.866118550300598145e-01 -3.529620468616485596e-01 -8.906579017639160156e-01
3.997239470481872559e-01 -1.994800418615341187e-01 -8.946667313575744629e-01
4.196161627769470215e-01 -1.051896717399358749e-02 -9.076406955718994141e-01
3.919090926647186279e-01 1.810620129108428955e-01 -9.020109772682189941e-01
2.855420112609863281e-01 3.475890159606933594e-01 -8.931112289428710938e-01
1.253632307052612305e-01 4.447216093540191650e-01 -8.868522047996520996e-01
-1.996755786240100861e-02 5.197281837463378906e-01 -8.540983200073242188e-01
-2.209305018186569214e-01 4.993900954723358154e-01 -8.377345800399780273e-01
-3.907956779003143311e-01 3.638419806957244873e-01 -8.455162644386291504e-01
-4.981368184089660645e-01 1.915578246116638184e-01 -8.456745147705078125e-01
-5.531966686248779297e-01 -5.578643642365932465e-03 -8.330319523811340332e-01
-5.046714544296264648e-01 -1.937045603990554810e-01 -8.412997126579284668e-01
-4.011663496494293213e-01 -3.545425236225128174e-01 -8.446094393730163574e-01
-2.364927977323532104e-01 -4.631806612014770508e-01 -8.541281819343566895e-01
-1.261114515364170074e-02 -7.025358676910400391e-01 -7.115366458892822266e-01
2.525383830070495605e-01 -6.436398625373840332e-01 -7.224625945091247559e-01
4.718706607818603516e-01 -4.684757292270660400e-01 -7.469059824943542480e-01
5.974832177162170410e-01 -2.465094625949859619e-01 -7.630510926246643066e-01
6.523453593254089355e-01 1.145212352275848389e-02 -7.578353285789489746e-01
5.896265506744384766e-01 2.591610252857208252e-01 -7.649679780006408691e-01
4.255175590515136719e-01 4.954392910003662109e-01 -7.572811841964721680e-01
2.126968055963516235e-01 6.324947476387023926e-01 -7.447888851165771484e-01
-9.982786141335964203e-03 6.964110732078552246e-01 -7.175736427307128906e-01
-2.791450619697570801e-01 6.443729400634765625e-01 -7.119421362876892090e-01
-5.132477879524230957e-01 4.861198365688323975e-01 -7.072936296463012695e-01
-6.599309444427490234e-01 2.602478861808776855e-01 -7.048137187957763672e-01
-7.092341780662536621e-01 -1.354221068322658539e-02 -7.048429250717163086e-01
-6.741132140159606934e-01 -2.820431888103485107e-01 -6.826587915420532227e-01
-5.173551440238952637e-01 -5.026265978813171387e-01 -6.926110982894897461e-01
-2.844595015048980713e-01 -6.507856249809265137e-01 -7.039608359336853027e-01
-1.156237442046403885e-03 -7.456481456756591797e-01 -6.663389205932617188e-01
2.998169958591461182e-01 -6.756826639175415039e-01 -6.734706759452819824e-01
4.983033835887908936e-01 -5.153809189796447754e-01 -6.971917748451232910e-01
6.675693988800048828e-01 -2.414347380399703979e-01 -7.043154835700988770e-01
7.035582661628723145e-01 1.707125455141067505e-02 -7.104325294494628906e-01
6.504855751991271973e-01 2.716309428215026855e-01 -7.092849016189575195e-01
5.087825059890747070e-01 4.918426275253295898e-01 -7.065629363059997559e-01
3.012478351593017578e-01 6.474432945251464844e-01 -7.000477910041809082e-01
3.656074777245521545e-02 7.381092309951782227e-01 -6.736898422241210938e-01
-2.725612223148345947e-01 6.968342661857604980e-01 -6.634247303009033203e-01
-5.412218570709228516e-01 5.410755872726440430e-01 -6.436738967895507812e-01
-7.032054662704467773e-01 2.862597107887268066e-01 -6.508128643035888672e-01
-7.650433778762817383e-01 -6.894810125231742859e-03 -6.439418196678161621e-01
-7.074187994003295898e-01 -3.046473860740661621e-01 -6.377685666084289551e-01
-5.253546237945556641e-01 -5.513318181037902832e-01 -6.481015682220458984e-01
-2.814961969852447510e-01 -7.080431580543518066e-01 -6.476379632949829102e-01
