1.677637934684753418e+00 1.677637934684753418e+00 1.677637934684753418e+00
1.677611470222473145e+00 1.677611470222473145e+00 1.677611470222473145e+00
1.677544236183166504e+00 1.677544236183166504e+00 1.677544236183166504e+00
1.677661538124084473e+00 1.677661538124084473e+00 1.677661538124084473e+00
1.677532553672790527e+00 1.677532553672790527e+00 1.677532553672790527e+00
1.677579998970031738e+00 1.677579998970031738e+00 1.677579998970031738e+00
1.677563428878784180e+00 1.677563428878784180e+00 1.677563428878784180e+00
1.677576422691345215e+00 1.677576422691345215e+00 1.677576422691345215e+00
1.677591085433959961e+00 1.677591085433959961e+00 1.677591085433959961e+00
1.677576422691345215e+00 1.677576422691345215e+00 1.677576422691345215e+00
1.677565097808837891e+00 1.677565097808837891e+00 1.677565097808837891e+00
1.677530884742736816e+00 1.677530884742736816e+00 1.677530884742736816e+00
1.677519559860229492e+00 1.677519559860229492e+00 1.677519559860229492e+00
1.677521705627441406e+00 1.677521705627441406e+00 1.677521705627441406e+00
1.677575588226318359e+00 1.677575588226318359e+00 1.677575588226318359e+00
1.677593946456909180e+00 1.677593946456909180e+00 1.677593946456909180e+00
1.677552342414855957e+00 1.677552342414855957e+00 1.677552342414855957e+00
1.677614927291870117e+00 1.677614927291870117e+00 1.677614927291870117e+00
1.677564501762390137e+00 1.677564501762390137e+00 1.677564501762390137e+00
1.677568078041076660e+00 1.677568078041076660e+00 1.677568078041076660e+00
1.677490830421447754e+00 1.677490830421447754e+00 1.677490830421447754e+00
1.677533149719238281e+00 1.677533149719238281e+00 1.677533149719238281e+00
1.677623033523559570e+00 1.677623033523559570e+00 1.677623033523559570e+00
1.677552580833435059e+00 1.677552580833435059e+00 1.677552580833435059e+00
1.677536845207214355e+00 1.677536845207214355e+00 1.677536845207214355e+00
1.677538156509399414e+00 1.677538156509399414e+00 1.677538156509399414e+00
1.677548170089721680e+00 1.677548170089721680e+00 1.677548170089721680e+00
1.677586317062377930e+00 1.677586317062377930e+00 1.677586317062377930e+00
1.677559971809387207e+00 1.677559971809387207e+00 1.677559971809387207e+00
1.677568078041076660e+00 1.677568078041076660e+00 1.677568078041076660e+00
1.677529335021972656e+00 1.677529335021972656e+00 1.677529335021972656e+00
1.677553057670593262e+00 1.677553057670593262e+00 1.677553057670593262e+00
1.677592277526855469e+00 1.677592277526855469e+00 1.677592277526855469e+00
1.677535891532897949e+00 1.677535891532897949e+00 1.677535891532897949e+00
1.677559256553649902e+00 1.677559256553649902e+00 1.677559256553649902e+00
1.677559733390808105e+00 1.677559733390808105e+00 1.677559733390808105e+00
1.677536129951477051e+00 1.677536129951477051e+00 1.677536129951477051e+00
1.677427649497985840e+00 1.677427649497985840e+00 1.677427649497985840e+00
1.677483677864074707e+00 1.677483677864074707e+00 1.677483677864074707e+00
1.677536368370056152e+00 1.677536368370056152e+00 1.677536368370056152e+00
1.677537560462951660e+00 1.677537560462951660e+00 1.677537560462951660e+00
1.677519202232360840e+00 1.677519202232360840e+00 1.677519202232360840e+00
1.677579879760742188e+00 1.677579879760742188e+00 1.677579879760742188e+00
1.677540183067321777e+00 1.677540183067321777e+00 1.677540183067321777e+00
1.677572011947631836e+00 1.677572011947631836e+00 1.677572011947631836e+00
1.677555441856384277e+00 1.677555441856384277e+00 1.677555441856384277e+00
1.677542090415954590e+00 1.677542090415954590e+00 1.677542090415954590e+00
1.677544951438903809e+00 1.677544951438903809e+00 1.677544951438903809e+00
1.677600026130676270e+00 1.677600026130676270e+00 1.677600026130676270e+00
1.677579641342163086e+00 1.677579641342163086e+00 1.677579641342163086e+00
1.677557468414306641e+00 1.677557468414306641e+00 1.677557468414306641e+00
1.677541971206665039e+00 1.677541971206665039e+00 1.677541971206665039e+00
1.677551150321960449e+00 1.677551150321960449e+00 1.677551150321960449e+00
1.677581906318664551e+00 1.677581906318664551e+00 1.677581906318664551e+00
1.677528142929077148e+00 1.677528142929077148e+00 1.677528142929077148e+00
1.677568674087524414e+00 1.677568674087524414e+00 1.677568674087524414e+00
1.677546977996826172e+00 1.677546977996826172e+00 1.677546977996826172e+00
1.677559733390808105e+00 1.677559733390808105e+00 1.677559733390808105e+00
1.677541613578796387e+00 1.677541613578796387e+00 1.677541613578796387e+00
1.677604317665100098e+00 1.677604317665100098e+00 1.677604317665100098e+00
1.677572131156921387e+00 1.677572131156921387e+00 1.677572131156921387e+00
1.677543282508850098e+00 1.677543282508850098e+00 1.677543282508850098e+00
1.677955150604248047e+00 1.677955150604248047e+00 1.677955150604248047e+00
1.677623867988586426e+00 1.677623867988586426e+00 1.677623867988586426e+00
1.677649021148681641e+00 1.677649021148681641e+00 1.677649021148681641e+00
1.677619934082031250e+00 1.677619934082031250e+00 1.677619934082031250e+00
1.677524209022521973e+00 1.677524209022521973e+00 1.677524209022521973e+00
1.677555799484252930e+00 1.677555799484252930e+00 1.677555799484252930e+00
1.677515745162963867e+00 1.677515745162963867e+00 1.677515745162963867e+00
1.677550435066223145e+00 1.677550435066223145e+00 1.677550435066223145e+00
1.677551984786987305e+00 1.677551984786987305e+00 1.677551984786987305e+00
1.677543878555297852e+00 1.677543878555297852e+00 1.677543878555297852e+00
1.677531003952026367e+00 1.677531003952026367e+00 1.677531003952026367e+00
1.677585959434509277e+00 1.677585959434509277e+00 1.677585959434509277e+00
1.677540540695190430e+00 1.677540540695190430e+00 1.677540540695190430e+00
1.677555441856384277e+00 1.677555441856384277e+00 1.677555441856384277e+00
1.677261471748352051e+00 1.677261471748352051e+00 1.677261471748352051e+00
1.677569031715393066e+00 1.677569031715393066e+00 1.677569031715393066e+00
1.677558183670043945e+00 1.677558183670043945e+00 1.677558183670043945e+00
1.677682042121887207e+00 1.677682042121887207e+00 1.677682042121887207e+00
1.677560687065124512e+00 1.677560687065124512e+00 1.677560687065124512e+00
1.677533268928527832e+00 1.677533268928527832e+00 1.677533268928527832e+00
1.677592396736145020e+00 1.677592396736145020e+00 1.677592396736145020e+00
1.677567839622497559e+00 1.677567839622497559e+00 1.677567839622497559e+00
1.677549362182617188e+00 1.677549362182617188e+00 1.677549362182617188e+00
1.677548885345458984e+00 1.677548885345458984e+00 1.677548885345458984e+00
1.677541136741638184e+00 1.677541136741638184e+00 1.677541136741638184e+00
1.677551865577697754e+00 1.677551865577697754e+00 1.677551865577697754e+00
1.677490711212158203e+00 1.677490711212158203e+00 1.677490711212158203e+00
1.677572488784790039e+00 1.677572488784790039e+00 1.677572488784790039e+00
1.677538514137268066e+00 1.677538514137268066e+00 1.677538514137268066e+00
1.677532672882080078e+00 1.677532672882080078e+00 1.677532672882080078e+00
1.677562355995178223e+00 1.677562355995178223e+00 1.677562355995178223e+00
1.677520990371704102e+00 1.677520990371704102e+00 1.677520990371704102e+00
1.677519798278808594e+00 1.677519798278808594e+00 1.677519798278808594e+00
1.677550792694091797e+00 1.677550792694091797e+00 1.677550792694091797e+00
1.677549123764038086e+00 1.677549123764038086e+00 1.677549123764038086e+00
1.677612066268920898e+00 1.677612066268920898e+00 1.677612066268920898e+00
1.677601575851440430e+00 1.677601575851440430e+00 1.677601575851440430e+00
1.677535772323608398e+00 1.677535772323608398e+00 1.677535772323608398e+00
1.677497744560241699e+00 1.677497744560241699e+00 1.677497744560241699e+00
1.677532315254211426e+00 1.677532315254211426e+00 1.677532315254211426e+00
1.677543997764587402e+00 1.677543997764587402e+00 1.677543997764587402e+00
1.677484869956970215e+00 1.677484869956970215e+00 1.677484869956970215e+00
1.677554726600646973e+00 1.677554726600646973e+00 1.677554726600646973e+00
1.677565574645996094e+00 1.677565574645996094e+00 1.677565574645996094e+00
1.677553057670593262e+00 1.677553057670593262e+00 1.677553057670593262e+00
1.677522182464599609e+00 1.677522182464599609e+00 1.677522182464599609e+00
1.677550196647644043e+00 1.677550196647644043e+00 1.677550196647644043e+00
1.677562713623046875e+00 1.677562713623046875e+00 1.677562713623046875e+00
1.677554368972778320e+00 1.677554368972778320e+00 1.677554368972778320e+00
1.677552819252014160e+00 1.677552819252014160e+00 1.677552819252014160e+00
1.677560806274414062e+00 1.677560806274414062e+00 1.677560806274414062e+00
1.677536368370056152e+00 1.677536368370056152e+00 1.677536368370056152e+00
1.677550792694091797e+00 1.677550792694091797e+00 1.677550792694091797e+00
1.677567362785339355e+00 1.677567362785339355e+00 1.677567362785339355e+00
1.677565455436706543e+00 1.677565455436706543e+00 1.677565455436706543e+00
1.677500605583190918e+00 1.677500605583190918e+00 1.677500605583190918e+00
1.677527427673339844e+00 1.677527427673339844e+00 1.677527427673339844e+00
1.677541017532348633e+00 1.677541017532348633e+00 1.677541017532348633e+00
1.677515864372253418e+00 1.677515864372253418e+00 1.677515864372253418e+00
1.677574515342712402e+00 1.677574515342712402e+00 1.677574515342712402e+00
1.677546977996826172e+00 1.677546977996826172e+00 1.677546977996826172e+00
1.677528619766235352e+00 1.677528619766235352e+00 1.677528619766235352e+00
1.677573323249816895e+00 1.677573323249816895e+00 1.677573323249816895e+00
1.677561402320861816e+00 1.677561402320861816e+00 1.677561402320861816e+00
1.677481412887573242e+00 1.677481412887573242e+00 1.677481412887573242e+00
1.677472949028015137e+00 1.677472949028015137e+00 1.677472949028015137e+00
1.677534580230712891e+00 1.677534580230712891e+00 1.677534580230712891e+00
1.677537083625793457e+00 1.677537083625793457e+00 1.677537083625793457e+00
1.677556514739990234e+00 1.677556514739990234e+00 1.677556514739990234e+00
1.677553057670593262e+00 1.677553057670593262e+00 1.677553057670593262e+00
1.677558064460754395e+00 1.677558064460754395e+00 1.677558064460754395e+00
1.677541017532348633e+00 1.677541017532348633e+00 1.677541017532348633e+00
1.677527070045471191e+00 1.677527070045471191e+00 1.677527070045471191e+00
1.677571773529052734e+00 1.677571773529052734e+00 1.677571773529052734e+00
1.677671909332275391e+00 1.677671909332275391e+00 1.677671909332275391e+00
1.677479028701782227e+00 1.677479028701782227e+00 1.677479028701782227e+00
1.677514314651489258e+00 1.677514314651489258e+00 1.677514314651489258e+00
1.677564740180969238e+00 1.677564740180969238e+00 1.677564740180969238e+00
1.677520275115966797e+00 1.677520275115966797e+00 1.677520275115966797e+00
1.677500963211059570e+00 1.677500963211059570e+00 1.677500963211059570e+00
1.677555084228515625e+00 1.677555084228515625e+00 1.677555084228515625e+00
1.677538514137268066e+00 1.677538514137268066e+00 1.677538514137268066e+00
