4.421448335051536560e-02 3.754216134548187256e-01 -9.257989525794982910e-01
-1.418049484491348267e-01 4.524617195129394531e-01 -8.804371953010559082e-01
5.366559624671936035e-01 -2.741996049880981445e-01 -7.980068325996398926e-01
3.622186779975891113e-01 -5.904161930084228516e-02 -9.302213191986083984e-01
4.364112913608551025e-01 -9.921652078628540039e-02 -8.942601680755615234e-01
5.103060603141784668e-01 -1.400480717420578003e-01 -8.485129475593566895e-01
5.831242799758911133e-01 -1.804244518280029297e-01 -7.920941710472106934e-01
3.769940435886383057e-01 -7.196838501840829849e-03 -9.261877536773681641e-01
4.598615467548370361e-01 -3.356681764125823975e-02 -8.873559236526489258e-01
5.348470807075500488e-01 -5.991635471582412720e-02 -8.428217768669128418e-01
6.176947951316833496e-01 -8.625650405883789062e-02 -7.816731929779052734e-01
3.773490786552429199e-01 4.279017075896263123e-02 -9.250819683074951172e-01
-1.733784973621368408e-01 5.443429350852966309e-01 -8.207501173019409180e-01
4.690355360507965088e-01 3.340196609497070312e-02 -8.825474381446838379e-01
5.480070710182189941e-01 2.169565483927726746e-02 -8.361923098564147949e-01
6.340820789337158203e-01 1.008400134742259979e-02 -7.732000350952148438e-01
3.762404620647430420e-01 9.257622063159942627e-02 -9.218854308128356934e-01
4.614597558975219727e-01 9.390868991613388062e-02 -8.821768760681152344e-01
5.418142676353454590e-01 9.826989471912384033e-02 -8.347336649894714355e-01
6.293019652366638184e-01 1.038894057273864746e-01 -7.701857686042785645e-01
3.631462454795837402e-01 1.410046815872192383e-01 -9.210008382797241211e-01
4.531390368938446045e-01 1.610257327556610107e-01 -8.767756819725036621e-01
5.318767428398132324e-01 1.765132993459701538e-01 -8.282211422920227051e-01
-2.040056288242340088e-01 6.307325959205627441e-01 -7.487042546272277832e-01
6.095870733261108398e-01 1.913614720106124878e-01 -7.692751884460449219e-01
3.498033583164215088e-01 1.930803507566452026e-01 -9.167102575302124023e-01
4.303439259529113770e-01 2.216576188802719116e-01 -8.750268816947937012e-01
5.073920488357543945e-01 2.526542544364929199e-01 -8.238441348075866699e-01
5.817043781280517578e-01 2.778846621513366699e-01 -7.644606232643127441e-01
3.203614652156829834e-01 2.320901006460189819e-01 -9.184240698814392090e-01
3.969472348690032959e-01 2.780380547046661377e-01 -8.747158050537109375e-01
4.697466492652893066e-01 3.232217431068420410e-01 -8.215021491050720215e-01
5.303078293800354004e-01 3.572451472282409668e-01 -7.688624858856201172e-01
2.842157781124114990e-01 2.702263593673706055e-01 -9.198908209800720215e-01
-1.747689843177795410e-01 3.224618434906005859e-01 -9.303085803985595703e-01
3.535321652889251709e-01 3.296811282634735107e-01 -8.754001259803771973e-01
4.144814908504486084e-01 3.876555263996124268e-01 -8.233640789985656738e-01
4.730271100997924805e-01 4.432670176029205322e-01 -7.614195346832275391e-01
2.387528270483016968e-01 3.099842965602874756e-01 -9.202753305435180664e-01
2.962731420993804932e-01 3.793615102767944336e-01 -8.765313029289245605e-01
3.505554795265197754e-01 4.592158198356628418e-01 -8.162301778793334961e-01
3.965565860271453857e-01 5.262425541877746582e-01 -7.522044777870178223e-01
1.803228110074996948e-01 3.383267223834991455e-01 -9.235901236534118652e-01
2.254920899868011475e-01 4.265494048595428467e-01 -8.759046792984008789e-01
2.615314424037933350e-01 5.036833882331848145e-01 -8.233494758605957031e-01
-2.258048951625823975e-01 4.105306863784790039e-01 -8.834459781646728516e-01
2.976999878883361816e-01 5.963335633277893066e-01 -7.454938292503356934e-01
1.163508370518684387e-01 3.628864288330078125e-01 -9.245408773422241211e-01
1.415227055549621582e-01 4.558770060539245605e-01 -8.787192106246948242e-01
1.625683903694152832e-01 5.457056760787963867e-01 -8.220565915107727051e-01
1.819207370281219482e-01 6.508015990257263184e-01 -7.371309399604797363e-01
-2.726233005523681641e-01 4.856849312782287598e-01 -8.305339217185974121e-01
-3.192376792430877686e-01 5.653740167617797852e-01 -7.605521082878112793e-01
-2.324914634227752686e-01 2.916542291641235352e-01 -9.278391599655151367e-01
-2.965029180049896240e-01 3.602499663829803467e-01 -8.844806551933288574e-01
-3.552431464195251465e-01 4.191018640995025635e-01 -8.355572819709777832e-01
5.111848935484886169e-02 4.656558334827423096e-01 -8.834882378578186035e-01
-4.188232123851776123e-01 4.993067085742950439e-01 -7.584720849990844727e-01
-2.736982703208923340e-01 2.485707700252532959e-01 -9.291403889656066895e-01
-3.481373190879821777e-01 3.021700978279113770e-01 -8.874083757400512695e-01
-4.190476238727569580e-01 3.521187007427215576e-01 -8.369059562683105469e-01
-4.886569380760192871e-01 4.110624194145202637e-01 -7.695726752281188965e-01
-3.054355978965759277e-01 2.094352096319198608e-01 -9.288950562477111816e-01
-3.871041834354400635e-01 2.495279759168624878e-01 -8.876295685768127441e-01
-4.626109600067138672e-01 2.855190336704254150e-01 -8.393270969390869141e-01
-5.357316136360168457e-01 3.252013325691223145e-01 -7.792533040046691895e-01
-3.207633495330810547e-01 1.686347126960754395e-01 -9.320264458656311035e-01
5.423588305711746216e-02 5.692837238311767578e-01 -8.203501701354980469e-01
-4.082770943641662598e-01 1.960026323795318604e-01 -8.915676474571228027e-01
-4.879394173622131348e-01 2.177783548831939697e-01 -8.452737331390380859e-01
-5.702071189880371094e-01 2.451104819774627686e-01 -7.840820550918579102e-01
-3.331781625747680664e-01 1.243068575859069824e-01 -9.346336126327514648e-01
-4.335626661777496338e-01 1.388122141361236572e-01 -8.903676867485046387e-01
-5.053915381431579590e-01 1.518183499574661255e-01 -8.494296073913574219e-01
-5.825920701026916504e-01 1.650398969650268555e-01 -7.958319187164306641e-01
-3.464828431606292725e-01 7.850713282823562622e-02 -9.347653388977050781e-01
-4.335564672946929932e-01 8.145565539598464966e-02 -8.974373340606689453e-01
-5.138981938362121582e-01 8.365071564912796021e-02 -8.537629842758178711e-01
5.471455678343772888e-02 6.689381599426269531e-01 -7.413015961647033691e-01
-5.906054377555847168e-01 8.530907332897186279e-02 -8.024384975433349609e-01
-3.377920091152191162e-01 3.398185223340988159e-02 -9.406071901321411133e-01
-4.341462552547454834e-01 2.301763184368610382e-02 -9.005482792854309082e-01
-5.031883120536804199e-01 1.282397005707025528e-02 -8.640816211700439453e-01
-5.972632169723510742e-01 -5.745984162786044180e-05 -8.020452857017517090e-01
-3.284017443656921387e-01 -1.201387494802474976e-02 -9.444617033004760742e-01
-4.120304286479949951e-01 -3.723746165633201599e-02 -9.104089140892028809e-01
-4.963818192481994629e-01 -6.239339709281921387e-02 -8.658591508865356445e-01
-5.716596245765686035e-01 -8.836978673934936523e-02 -8.157181143760681152e-01
-3.105092048645019531e-01 -5.847597867250442505e-02 -9.487701058387756348e-01
-3.087990731000900269e-02 3.718802034854888916e-01 -9.277669787406921387e-01
-3.910611271858215332e-01 -1.009132117033004761e-01 -9.148156642913818359e-01
-4.692628681659698486e-01 -1.422992646694183350e-01 -8.715177774429321289e-01
-5.378542542457580566e-01 -1.814998388290405273e-01 -8.232682943344116211e-01
-2.737391591072082520e-01 -1.076816320419311523e-01 -9.557570815086364746e-01
-3.553798496723175049e-01 -1.690911352634429932e-01 -9.193004965782165527e-01
-4.230771362781524658e-01 -2.259109765291213989e-01 -8.774793148040771484e-01
-4.940654337406158447e-01 -2.831139564514160156e-01 -8.220376968383789062e-01
-2.371246665716171265e-01 -1.667333841323852539e-01 -9.570642113685607910e-01
-3.025689721107482910e-01 -2.352305352687835693e-01 -9.236442446708679199e-01
-3.562273085117340088e-01 -2.962837517261505127e-01 -8.861817121505737305e-01
-4.360350966453552246e-02 4.643953144550323486e-01 -8.845539093017578125e-01
-4.101684093475341797e-01 -3.631195127964019775e-01 -8.366038799285888672e-01
-1.765894293785095215e-01 -2.085315287113189697e-01 -9.619411230087280273e-01
-2.326890826225280762e-01 -2.902739942073822021e-01 -9.282224178314208984e-01
-2.800801396369934082e-01 -3.722878098487854004e-01 -8.848485946655273438e-01
-3.171415925025939941e-01 -4.472146332263946533e-01 -8.363134264945983887e-01
-1.148592457175254822e-01 -2.425836622714996338e-01 -9.633070826530456543e-01
-1.570239216089248657e-01 -3.366011381149291992e-01 -9.284628033638000488e-01
-1.882682144641876221e-01 -4.325302243232727051e-01 -8.817440867424011230e-01
-2.135227769613265991e-01 -5.095862746238708496e-01 -8.335046172142028809e-01
-4.935711994767189026e-02 -2.680791318416595459e-01 -9.621317386627197266e-01
-5.956865102052688599e-02 5.681659579277038574e-01 -8.207551240921020508e-01
-6.892291456460952759e-02 -3.615840971469879150e-01 -9.297884702682495117e-01
-8.442170172929763794e-02 -4.666986763477325439e-01 -8.803779482841491699e-01
-9.720610082149505615e-02 -5.405819416046142578e-01 -8.356567025184631348e-01
1.954407244920730591e-02 -2.702234387397766113e-01 -9.625993371009826660e-01
1.657723635435104370e-02 -3.817440271377563477e-01 -9.241193532943725586e-01
1.537071540951728821e-02 -4.787736237049102783e-01 -8.778037428855895996e-01
1.541394367814064026e-02 -5.595344901084899902e-01 -8.286637067794799805e-01
8.585730195045471191e-02 -2.715957462787628174e-01 -9.585740566253662109e-01
9.654717147350311279e-02 -3.754666745662689209e-01 -9.217935800552368164e-01
1.068647503852844238e-01 -4.716325998306274414e-01 -8.752957582473754883e-01
-7.291490584611892700e-02 6.608133316040039062e-01 -7.470000386238098145e-01
1.203407198190689087e-01 -5.467317104339599609e-01 -8.286148905754089355e-01
1.492631137371063232e-01 -2.649371027946472168e-01 -9.526430964469909668e-01
1.747513711452484131e-01 -3.654626011848449707e-01 -9.142751693725585938e-01
1.913061290979385376e-01 -4.489679038524627686e-01 -8.728286623954772949e-01
2.134313434362411499e-01 -5.260619521141052246e-01 -8.232289552688598633e-01
2.093650847673416138e-01 -2.402752786874771118e-01 -9.478575587272644043e-01
2.445544600486755371e-01 -3.319310545921325684e-01 -9.110515713691711426e-01
2.776587009429931641e-01 -4.123562872409820557e-01 -8.676796555519104004e-01
3.148295879364013672e-01 -4.947432279586791992e-01 -8.100071549415588379e-01
2.592093646526336670e-01 -1.988745927810668945e-01 -9.451240301132202148e-01
-1.040273755788803101e-01 3.491856157779693604e-01 -9.312613606452941895e-01
3.130315542221069336e-01 -2.869192957878112793e-01 -9.053665399551391602e-01
3.605057001113891602e-01 -3.707779943943023682e-01 -8.558968305587768555e-01
3.973574042320251465e-01 -4.332087039947509766e-01 -8.089729547500610352e-01
3.011607825756072998e-01 -1.532130539417266846e-01 -9.411843419075012207e-01
3.665471673011779785e-01 -2.263921350240707397e-01 -9.024354815483093262e-01
4.200852811336517334e-01 -2.918682098388671875e-01 -8.592679500579833984e-01
4.713729619979858398e-01 -3.565857112407684326e-01 -8.066313266754150391e-01
3.368681073188781738e-01 -1.082746833562850952e-01 -9.353055953979492188e-01
4.045055508613586426e-01 -1.608165055513381958e-01 -9.002851247787475586e-01
4.737855494022369385e-01 -2.188131511211395264e-01 -8.530228734016418457e-01
